Element Number	Element Type	Nodes	
1	Tet4	117	459	489	468	
2	Tet4	117	406	489	459	
3	Tet4	38	489	453	468	
4	Tet4	38	453	489	458	
5	Tet4	453	489	458	486	
6	Tet4	453	454	489	486	
7	Tet4	453	489	454	468	
8	Tet4	454	489	459	468	
9	Tet4	406	454	489	459	
10	Tet4	117	416	489	406	
11	Tet4	421	458	489	486	
12	Tet4	117	489	118	468	
13	Tet4	117	118	489	416	
14	Tet4	413	421	416	489	
15	Tet4	407	421	458	489	
16	Tet4	118	489	416	407	
17	Tet4	407	416	421	489	
18	Tet4	28	488	435	477	
19	Tet4	28	435	488	437	
20	Tet4	246	488	435	437	
21	Tet4	246	488	371	435	
22	Tet4	28	474	488	477	
23	Tet4	28	437	488	474	
24	Tet4	371	435	488	477	
25	Tet4	246	339	488	437	
26	Tet4	246	380	488	339	
27	Tet4	246	371	488	380	
28	Tet4	436	488	437	474	
29	Tet4	371	488	385	477	
30	Tet4	339	380	488	440	
31	Tet4	339	488	437	440	
32	Tet4	371	488	380	385	
33	Tet4	385	488	436	477	
34	Tet4	380	436	488	440	
35	Tet4	380	385	488	436	
36	Tet4	153	428	410	487	
37	Tet4	410	428	419	487	
38	Tet4	129	153	487	152	
39	Tet4	152	428	153	487	
40	Tet4	129	487	130	152	
41	Tet4	129	487	419	130	
42	Tet4	419	487	428	461	
43	Tet4	149	428	487	461	
44	Tet4	151	487	428	152	
45	Tet4	131	487	411	457	
46	Tet4	131	151	487	457	
47	Tet4	130	487	151	152	
48	Tet4	130	487	131	151	
49	Tet4	130	411	131	487	
50	Tet4	411	487	419	461	
51	Tet4	149	428	151	487	
52	Tet4	149	487	151	457	
53	Tet4	130	419	411	487	
54	Tet4	133	486	332	331	
55	Tet4	332	453	486	454	
56	Tet4	135	486	413	454	
57	Tet4	134	413	135	486	
58	Tet4	133	134	486	412	
59	Tet4	133	486	134	332	
60	Tet4	412	421	486	458	
61	Tet4	134	421	413	486	
62	Tet4	134	486	135	332	
63	Tet4	134	421	486	412	
64	Tet4	86	485	448	455	
65	Tet4	85	485	448	86	
66	Tet4	85	430	485	86	
67	Tet4	318	319	485	357	
68	Tet4	87	485	318	319	
69	Tet4	88	318	485	365	
70	Tet4	87	318	485	88	
71	Tet4	357	448	485	455	
72	Tet4	85	448	485	357	
73	Tet4	88	485	430	365	
74	Tet4	87	485	430	88	
75	Tet4	85	485	319	357	
76	Tet4	318	485	365	357	
77	Tet4	357	485	365	455	
78	Tet4	85	485	430	87	
79	Tet4	321	484	358	463	
80	Tet4	320	358	321	484	
81	Tet4	358	484	363	463	
82	Tet4	358	366	363	484	
83	Tet4	320	366	358	484	
84	Tet4	321	328	484	463	
85	Tet4	320	484	321	328	
86	Tet4	85	357	484	448	
87	Tet4	85	319	484	357	
88	Tet4	85	484	444	448	
89	Tet4	85	484	328	444	
90	Tet4	363	484	448	463	
91	Tet4	363	484	366	448	
92	Tet4	328	438	484	463	
93	Tet4	357	366	484	448	
94	Tet4	319	366	484	357	
95	Tet4	319	484	320	328	
96	Tet4	319	484	366	320	
97	Tet4	395	403	483	481	
98	Tet4	403	450	483	481	
99	Tet4	158	456	483	481	
100	Tet4	395	483	456	481	
101	Tet4	398	483	403	450	
102	Tet4	395	403	398	483	
103	Tet4	158	483	159	465	
104	Tet4	388	395	483	456	
105	Tet4	388	395	398	483	
106	Tet4	159	483	456	466	
107	Tet4	158	159	483	456	
108	Tet4	34	159	483	465	
109	Tet4	34	483	450	465	
110	Tet4	181	398	483	388	
111	Tet4	159	342	483	466	
112	Tet4	182	342	483	450	
113	Tet4	182	483	398	450	
114	Tet4	34	483	342	450	
115	Tet4	34	342	483	159	
116	Tet4	399	482	447	476	
117	Tet4	399	482	442	447	
118	Tet4	443	482	447	462	
119	Tet4	442	447	482	462	
120	Tet4	399	482	402	442	
121	Tet4	443	447	482	476	
122	Tet4	329	482	443	462	
123	Tet4	394	482	399	476	
124	Tet4	394	402	399	482	
125	Tet4	195	482	212	442	
126	Tet4	195	329	212	482	
127	Tet4	394	482	443	481	
128	Tet4	329	443	482	481	
129	Tet4	394	443	482	476	
130	Tet4	197	329	482	481	
131	Tet4	197	482	394	481	
132	Tet4	196	197	482	394	
133	Tet4	196	329	482	197	
134	Tet4	195	402	196	482	
135	Tet4	195	196	329	482	
136	Tet4	196	482	402	394	
137	Tet4	197	329	481	327	
138	Tet4	327	329	481	443	
139	Tet4	157	481	199	456	
140	Tet4	157	199	481	327	
141	Tet4	157	158	481	456	
142	Tet4	157	481	158	327	
143	Tet4	158	327	481	465	
144	Tet4	197	198	481	394	
145	Tet4	197	481	198	327	
146	Tet4	394	481	443	450	
147	Tet4	199	481	395	456	
148	Tet4	198	199	481	395	
149	Tet4	198	481	199	327	
150	Tet4	198	403	481	394	
151	Tet4	394	403	481	450	
152	Tet4	198	481	403	395	
153	Tet4	195	212	480	442	
154	Tet4	195	480	212	215	
155	Tet4	194	480	195	215	
156	Tet4	194	195	480	393	
157	Tet4	212	213	480	442	
158	Tet4	212	480	213	215	
159	Tet4	195	480	393	442	
160	Tet4	194	216	480	215	
161	Tet4	194	216	401	480	
162	Tet4	194	480	401	393	
163	Tet4	214	480	442	449	
164	Tet4	213	214	480	442	
165	Tet4	393	442	480	449	
166	Tet4	215	426	216	480	
167	Tet4	216	426	401	480	
168	Tet4	391	480	426	449	
169	Tet4	391	401	426	480	
170	Tet4	213	214	426	480	
171	Tet4	213	480	426	215	
172	Tet4	278	479	434	439	
173	Tet4	277	479	434	278	
174	Tet4	277	424	479	278	
175	Tet4	258	259	479	375	
176	Tet4	258	259	282	479	
177	Tet4	258	479	281	383	
178	Tet4	258	282	281	479	
179	Tet4	375	434	479	439	
180	Tet4	281	479	424	383	
181	Tet4	281	282	424	479	
182	Tet4	258	479	383	375	
183	Tet4	375	479	383	439	
184	Tet4	277	479	424	282	
185	Tet4	213	338	478	462	
186	Tet4	213	338	222	478	
187	Tet4	222	478	338	433	
188	Tet4	222	478	433	437	
189	Tet4	29	433	478	437	
190	Tet4	213	462	478	214	
191	Tet4	213	478	222	214	
192	Tet4	29	433	30	478	
193	Tet4	29	478	30	219	
194	Tet4	222	223	478	437	
195	Tet4	30	478	220	219	
196	Tet4	219	220	223	478	
197	Tet4	30	478	462	214	
198	Tet4	214	478	223	220	
199	Tet4	30	478	214	220	
200	Tet4	214	223	478	222	
201	Tet4	28	477	431	474	
202	Tet4	261	477	262	333	
203	Tet4	261	477	376	262	
204	Tet4	260	376	261	477	
205	Tet4	260	261	334	477	
206	Tet4	28	431	477	435	
207	Tet4	262	333	477	436	
208	Tet4	333	431	477	474	
209	Tet4	371	376	477	385	
210	Tet4	260	384	376	477	
211	Tet4	260	334	384	477	
212	Tet4	261	334	477	333	
213	Tet4	371	477	381	435	
214	Tet4	371	477	376	381	
215	Tet4	381	477	384	434	
216	Tet4	376	477	384	381	
217	Tet4	334	384	477	434	
218	Tet4	333	334	477	431	
219	Tet4	381	477	434	435	
220	Tet4	334	477	431	434	
221	Tet4	431	434	477	435	
222	Tet4	11	476	184	447	
223	Tet4	11	184	476	183	
224	Tet4	394	443	476	450	
225	Tet4	33	476	443	450	
226	Tet4	32	33	476	443	
227	Tet4	11	476	12	183	
228	Tet4	11	12	476	33	
229	Tet4	182	389	476	450	
230	Tet4	12	183	476	182	
231	Tet4	11	32	476	447	
232	Tet4	32	443	476	447	
233	Tet4	184	476	399	447	
234	Tet4	183	399	184	476	
235	Tet4	389	394	476	450	
236	Tet4	389	399	476	394	
237	Tet4	11	33	476	32	
238	Tet4	182	389	183	476	
239	Tet4	183	399	476	389	
240	Tet4	345	475	438	473	
241	Tet4	23	475	24	473	
242	Tet4	24	475	345	473	
243	Tet4	23	24	475	44	
244	Tet4	43	345	44	475	
245	Tet4	23	44	475	43	
246	Tet4	333	433	474	437	
247	Tet4	333	344	474	433	
248	Tet4	333	474	344	431	
249	Tet4	27	46	474	431	
250	Tet4	27	474	46	47	
251	Tet4	28	474	29	437	
252	Tet4	29	474	433	437	
253	Tet4	48	474	344	433	
254	Tet4	29	474	48	433	
255	Tet4	46	344	474	431	
256	Tet4	46	474	344	47	
257	Tet4	27	474	28	431	
258	Tet4	27	28	474	47	
259	Tet4	29	47	48	474	
260	Tet4	47	344	48	474	
261	Tet4	28	474	47	29	
262	Tet4	24	473	287	441	
263	Tet4	286	287	473	441	
264	Tet4	23	473	24	441	
265	Tet4	286	473	287	470	
266	Tet4	24	287	473	470	
267	Tet4	330	473	438	441	
268	Tet4	330	473	345	438	
269	Tet4	24	473	345	432	
270	Tet4	69	473	70	337	
271	Tet4	69	70	473	345	
272	Tet4	277	473	286	470	
273	Tet4	277	432	473	470	
274	Tet4	70	473	330	337	
275	Tet4	70	330	473	345	
276	Tet4	286	473	330	441	
277	Tet4	69	345	473	432	
278	Tet4	69	473	337	432	
279	Tet4	277	337	473	432	
280	Tet4	38	472	54	453	
281	Tet4	38	54	472	53	
282	Tet4	37	472	38	458	
283	Tet4	38	472	453	458	
284	Tet4	331	453	472	458	
285	Tet4	331	348	472	453	
286	Tet4	331	472	457	458	
287	Tet4	331	472	451	457	
288	Tet4	451	457	472	460	
289	Tet4	457	458	472	460	
290	Tet4	37	38	472	53	
291	Tet4	54	472	348	453	
292	Tet4	53	348	54	472	
293	Tet4	331	472	348	451	
294	Tet4	37	472	458	460	
295	Tet4	36	52	53	472	
296	Tet4	52	472	348	53	
297	Tet4	36	52	472	451	
298	Tet4	36	472	37	460	
299	Tet4	36	451	472	460	
300	Tet4	36	53	37	472	
301	Tet4	264	386	378	471	
302	Tet4	221	263	471	436	
303	Tet4	221	471	263	236	
304	Tet4	235	378	425	471	
305	Tet4	378	425	471	386	
306	Tet4	235	236	264	471	
307	Tet4	236	471	263	264	
308	Tet4	263	471	377	264	
309	Tet4	221	471	222	436	
310	Tet4	221	471	236	222	
311	Tet4	263	377	471	436	
312	Tet4	377	471	436	440	
313	Tet4	222	436	471	440	
314	Tet4	235	425	236	471	
315	Tet4	264	377	386	471	
316	Tet4	377	386	471	440	
317	Tet4	222	236	425	471	
318	Tet4	3	470	4	284	
319	Tet4	3	4	470	25	
320	Tet4	3	283	470	284	
321	Tet4	3	470	283	24	
322	Tet4	3	25	470	24	
323	Tet4	283	287	470	284	
324	Tet4	24	470	283	287	
325	Tet4	277	470	278	432	
326	Tet4	277	470	286	278	
327	Tet4	271	470	278	284	
328	Tet4	25	271	470	278	
329	Tet4	278	286	287	470	
330	Tet4	278	470	287	284	
331	Tet4	25	278	470	432	
332	Tet4	19	92	91	40	
333	Tet4	40	92	91	95	
334	Tet4	106	107	137	414	
335	Tet4	106	429	107	414	
336	Tet4	396	404	397	427	
337	Tet4	34	159	155	342	
338	Tet4	157	336	158	160	
339	Tet4	62	63	336	347	
340	Tet4	34	35	155	159	
341	Tet4	298	360	325	299	
342	Tet4	298	423	360	299	
343	Tet4	212	213	338	224	
344	Tet4	65	346	66	338	
345	Tet4	30	214	31	207	
346	Tet4	259	277	334	276	
347	Tet4	259	334	384	260	
348	Tet4	276	277	337	288	
349	Tet4	25	271	278	26	
350	Tet4	4	26	271	25	
351	Tet4	221	338	222	224	
352	Tet4	285	286	288	337	
353	Tet4	4	5	271	26	
354	Tet4	8	30	219	29	
355	Tet4	213	338	224	222	
356	Tet4	245	380	246	339	
357	Tet4	30	214	207	220	
358	Tet4	8	30	9	219	
359	Tet4	9	219	30	220	
360	Tet4	9	30	207	220	
361	Tet4	57	58	328	350	
362	Tet4	373	382	424	383	
363	Tet4	9	30	31	207	
364	Tet4	31	207	214	341	
365	Tet4	273	373	424	274	
366	Tet4	250	373	251	274	
367	Tet4	273	382	424	373	
368	Tet4	374	383	424	382	
369	Tet4	280	281	424	383	
370	Tet4	257	281	383	258	
371	Tet4	2	283	24	3	
372	Tet4	378	379	425	386	
373	Tet4	9	31	10	207	
374	Tet4	10	341	207	31	
375	Tet4	207	211	214	341	
376	Tet4	251	373	273	274	
377	Tet4	251	373	382	273	
378	Tet4	272	382	424	273	
379	Tet4	280	424	374	383	
380	Tet4	257	383	281	280	
381	Tet4	234	425	235	378	
382	Tet4	227	379	425	243	
383	Tet4	227	244	379	243	
384	Tet4	369	379	425	378	
385	Tet4	42	43	350	56	
386	Tet4	251	382	252	273	
387	Tet4	270	382	424	272	
388	Tet4	252	273	382	272	
389	Tet4	269	424	374	279	
390	Tet4	279	424	374	280	
391	Tet4	257	374	383	280	
392	Tet4	233	234	378	425	
393	Tet4	234	378	235	265	
394	Tet4	227	425	228	243	
395	Tet4	243	379	425	369	
396	Tet4	84	96	85	335	
397	Tet4	255	272	382	270	
398	Tet4	252	382	255	272	
399	Tet4	254	374	279	269	
400	Tet4	256	374	280	279	
401	Tet4	256	280	374	257	
402	Tet4	233	234	266	378	
403	Tet4	234	266	378	265	
404	Tet4	228	243	425	369	
405	Tet4	184	390	185	341	
406	Tet4	85	335	96	94	
407	Tet4	255	267	272	270	
408	Tet4	241	272	252	255	
409	Tet4	254	255	374	269	
410	Tet4	254	374	256	279	
411	Tet4	254	279	268	269	
412	Tet4	228	425	229	369	
413	Tet4	228	242	243	369	
414	Tet4	231	425	369	232	
415	Tet4	391	426	401	400	
416	Tet4	40	92	86	41	
417	Tet4	41	86	79	92	
418	Tet4	93	332	94	335	
419	Tet4	93	96	335	94	
420	Tet4	351	360	361	423	
421	Tet4	299	360	300	423	
422	Tet4	241	272	255	267	
423	Tet4	253	256	279	254	
424	Tet4	253	279	268	254	
425	Tet4	291	423	306	361	
426	Tet4	291	306	307	361	
427	Tet4	193	216	401	194	
428	Tet4	216	401	426	217	
429	Tet4	35	51	52	347	
430	Tet4	228	369	229	242	
431	Tet4	233	238	239	266	
432	Tet4	231	239	233	238	
433	Tet4	231	369	239	232	
434	Tet4	209	426	210	391	
435	Tet4	186	187	210	391	
436	Tet4	209	426	391	400	
437	Tet4	392	426	400	401	
438	Tet4	19	92	40	41	
439	Tet4	40	86	92	95	
440	Tet4	20	79	92	41	
441	Tet4	306	423	351	361	
442	Tet4	299	300	360	326	
443	Tet4	299	360	325	326	
444	Tet4	291	306	423	292	
445	Tet4	193	401	216	217	
446	Tet4	217	426	392	401	
447	Tet4	229	369	240	242	
448	Tet4	229	232	240	369	
449	Tet4	230	233	238	231	
450	Tet4	232	239	240	369	
451	Tet4	187	210	391	209	
452	Tet4	187	209	391	400	
453	Tet4	208	426	209	400	
454	Tet4	19	20	92	41	
455	Tet4	292	423	351	306	
456	Tet4	193	392	401	217	
457	Tet4	217	392	426	218	
458	Tet4	12	34	13	342	
459	Tet4	35	150	156	159	
460	Tet4	13	35	155	34	
461	Tet4	35	156	155	159	
462	Tet4	229	240	237	242	
463	Tet4	229	237	240	232	
464	Tet4	187	188	209	400	
465	Tet4	188	208	209	400	
466	Tet4	292	306	351	305	
467	Tet4	292	351	423	293	
468	Tet4	192	392	193	217	
469	Tet4	192	218	392	217	
470	Tet4	13	155	342	34	
471	Tet4	35	156	150	143	
472	Tet4	13	155	35	14	
473	Tet4	14	155	35	156	
474	Tet4	225	232	237	229	
475	Tet4	191	400	206	208	
476	Tet4	188	400	191	208	
477	Tet4	190	205	392	218	
478	Tet4	355	430	365	364	
479	Tet4	88	430	89	365	
480	Tet4	88	317	318	365	
481	Tet4	300	302	303	326	
482	Tet4	295	296	351	303	
483	Tet4	295	300	302	303	
484	Tet4	292	351	293	305	
485	Tet4	190	392	192	218	
486	Tet4	35	150	36	143	
487	Tet4	14	156	35	143	
488	Tet4	191	208	206	203	
489	Tet4	177	188	191	208	
490	Tet4	190	205	218	204	
491	Tet4	190	392	205	191	
492	Tet4	82	314	355	313	
493	Tet4	81	355	430	82	
494	Tet4	81	430	355	364	
495	Tet4	356	365	430	364	
496	Tet4	88	89	317	365	
497	Tet4	89	430	356	365	
498	Tet4	293	304	351	296	
499	Tet4	296	304	351	303	
500	Tet4	294	295	300	302	
501	Tet4	293	351	304	305	
502	Tet4	189	190	192	218	
503	Tet4	14	35	36	143	
504	Tet4	177	203	208	191	
505	Tet4	189	218	204	190	
506	Tet4	81	314	355	82	
507	Tet4	80	430	81	364	
508	Tet4	81	355	314	364	
509	Tet4	89	365	356	317	
510	Tet4	89	356	430	90	
511	Tet4	293	304	296	301	
512	Tet4	293	304	301	305	
513	Tet4	14	36	15	143	
514	Tet4	75	80	364	430	
515	Tet4	80	315	364	81	
516	Tet4	81	364	314	315	
517	Tet4	74	430	356	90	
518	Tet4	89	356	316	317	
519	Tet4	89	356	90	316	
520	Tet4	289	296	301	293	
521	Tet4	170	396	427	171	
522	Tet4	171	200	201	396	
523	Tet4	75	364	80	78	
524	Tet4	78	80	315	364	
525	Tet4	74	356	77	90	
526	Tet4	405	429	414	415	
527	Tet4	105	414	429	106	
528	Tet4	77	356	316	90	
529	Tet4	163	427	164	179	
530	Tet4	179	387	397	427	
531	Tet4	387	396	397	427	
532	Tet4	170	201	396	171	
533	Tet4	169	396	427	170	
534	Tet4	71	75	80	78	
535	Tet4	71	78	80	315	
536	Tet4	74	77	76	90	
537	Tet4	99	415	429	115	
538	Tet4	99	415	115	116	
539	Tet4	106	137	138	414	
540	Tet4	115	429	405	415	
541	Tet4	105	138	414	106	
542	Tet4	76	77	316	90	
543	Tet4	120	340	408	121	
544	Tet4	164	427	387	179	
545	Tet4	170	201	202	396	
546	Tet4	169	202	396	170	
547	Tet4	71	80	75	72	
548	Tet4	73	74	76	90	
549	Tet4	99	115	429	100	
550	Tet4	100	429	405	115	
551	Tet4	164	165	387	427	
552	Tet4	164	179	387	178	
553	Tet4	100	115	405	114	
554	Tet4	100	405	429	101	
555	Tet4	409	428	419	418	
556	Tet4	122	409	123	146	
557	Tet4	145	409	428	146	
558	Tet4	165	168	387	427	
559	Tet4	164	387	165	178	
560	Tet4	100	405	101	114	
561	Tet4	103	405	111	104	
562	Tet4	103	110	111	105	
563	Tet4	105	138	110	111	
564	Tet4	410	418	419	428	
565	Tet4	145	409	418	428	
566	Tet4	123	146	409	145	
567	Tet4	165	387	168	176	
568	Tet4	165	178	387	176	
569	Tet4	167	168	387	175	
570	Tet4	167	175	169	174	
571	Tet4	169	175	202	174	
572	Tet4	153	428	154	410	
573	Tet4	101	405	112	114	
574	Tet4	101	405	104	112	
575	Tet4	104	405	111	112	
576	Tet4	102	110	103	105	
577	Tet4	144	418	428	145	
578	Tet4	123	409	418	145	
579	Tet4	165	176	168	173	
580	Tet4	168	176	387	175	
581	Tet4	165	173	178	176	
582	Tet4	166	169	174	167	
583	Tet4	128	410	129	153	
584	Tet4	141	154	428	410	
585	Tet4	128	154	410	153	
586	Tet4	101	112	109	114	
587	Tet4	101	104	109	112	
588	Tet4	124	145	418	144	
589	Tet4	142	418	428	144	
590	Tet4	123	418	124	145	
591	Tet4	161	168	173	165	
592	Tet4	126	154	141	410	
593	Tet4	126	154	410	128	
594	Tet4	97	104	109	101	
595	Tet4	124	418	127	144	
596	Tet4	127	418	142	144	
597	Tet4	126	410	141	127	
598	Tet4	126	141	154	140	
599	Tet4	125	154	126	128	
600	Tet4	113	127	144	124	
601	Tet4	127	142	139	144	
602	Tet4	125	126	154	140	
603	Tet4	113	144	127	139	
604	Tet4	68	431	334	333	
605	Tet4	68	431	344	349	
606	Tet4	46	344	431	349	
607	Tet4	26	46	27	431	
608	Tet4	69	334	432	337	
609	Tet4	69	345	432	349	
610	Tet4	45	345	349	432	
611	Tet4	25	432	26	278	
612	Tet4	25	26	432	45	
613	Tet4	68	432	69	334	
614	Tet4	68	69	432	349	
615	Tet4	45	349	46	432	
616	Tet4	26	46	432	45	
617	Tet4	46	432	349	431	
618	Tet4	26	432	46	431	
619	Tet4	66	338	433	333	
620	Tet4	66	433	338	346	
621	Tet4	66	344	433	346	
622	Tet4	48	433	344	346	
623	Tet4	29	48	30	433	
624	Tet4	26	431	434	432	
625	Tet4	277	278	434	432	
626	Tet4	26	434	278	432	
627	Tet4	334	434	431	432	
628	Tet4	277	434	334	432	
629	Tet4	372	384	434	381	
630	Tet4	259	334	277	434	
631	Tet4	259	384	334	434	
632	Tet4	26	434	271	278	
633	Tet4	372	434	384	375	
634	Tet4	248	372	434	381	
635	Tet4	259	384	434	375	
636	Tet4	248	249	434	372	
637	Tet4	5	249	271	434	
638	Tet4	5	434	271	26	
639	Tet4	5	249	434	248	
640	Tet4	247	435	371	381	
641	Tet4	247	248	435	381	
642	Tet4	6	435	27	28	
643	Tet4	27	28	435	431	
644	Tet4	246	247	435	371	
645	Tet4	6	248	435	247	
646	Tet4	248	435	381	434	
647	Tet4	6	435	28	7	
648	Tet4	6	247	435	7	
649	Tet4	7	246	247	435	
650	Tet4	5	248	435	6	
651	Tet4	5	6	435	27	
652	Tet4	5	27	435	26	
653	Tet4	5	26	435	434	
654	Tet4	5	435	248	434	
655	Tet4	221	333	436	222	
656	Tet4	377	385	380	436	
657	Tet4	262	436	385	377	
658	Tet4	221	263	436	333	
659	Tet4	262	436	263	333	
660	Tet4	262	263	436	377	
661	Tet4	7	437	28	29	
662	Tet4	8	437	29	219	
663	Tet4	8	437	219	339	
664	Tet4	7	8	437	29	
665	Tet4	7	437	8	339	
666	Tet4	7	246	437	339	
667	Tet4	57	330	438	328	
668	Tet4	57	438	350	328	
669	Tet4	57	350	438	345	
670	Tet4	22	43	438	42	
671	Tet4	42	350	43	438	
672	Tet4	372	373	439	375	
673	Tet4	250	439	372	373	
674	Tet4	249	439	372	250	
675	Tet4	249	275	439	250	
676	Tet4	249	271	439	275	
677	Tet4	271	439	275	278	
678	Tet4	274	373	424	439	
679	Tet4	274	424	275	439	
680	Tet4	373	383	439	375	
681	Tet4	372	375	439	434	
682	Tet4	250	439	373	274	
683	Tet4	250	275	439	274	
684	Tet4	370	379	386	440	
685	Tet4	370	440	386	377	
686	Tet4	223	226	440	425	
687	Tet4	244	379	370	440	
688	Tet4	370	380	440	377	
689	Tet4	377	380	440	436	
690	Tet4	227	425	379	440	
691	Tet4	226	440	425	227	
692	Tet4	244	370	245	440	
693	Tet4	226	245	440	244	
694	Tet4	226	440	245	339	
695	Tet4	219	223	226	440	
696	Tet4	219	440	226	339	
697	Tet4	359	367	362	441	
698	Tet4	322	441	367	359	
699	Tet4	285	286	330	441	
700	Tet4	322	441	323	330	
701	Tet4	322	323	441	359	
702	Tet4	285	330	323	441	
703	Tet4	390	399	402	442	
704	Tet4	390	442	402	393	
705	Tet4	32	50	33	443	
706	Tet4	64	443	329	327	
707	Tet4	63	64	443	347	
708	Tet4	63	443	64	327	
709	Tet4	50	443	64	347	
710	Tet4	50	64	443	346	
711	Tet4	50	443	347	51	
712	Tet4	33	50	51	443	
713	Tet4	49	346	50	443	
714	Tet4	32	49	50	443	
715	Tet4	64	443	65	329	
716	Tet4	64	65	443	346	
717	Tet4	58	444	335	328	
718	Tet4	58	350	444	328	
719	Tet4	58	444	350	343	
720	Tet4	56	343	350	444	
721	Tet4	41	42	444	56	
722	Tet4	42	350	444	56	
723	Tet4	42	444	350	438	
724	Tet4	328	350	444	438	
725	Tet4	55	444	343	56	
726	Tet4	41	444	55	56	
727	Tet4	309	445	362	353	
728	Tet4	308	309	445	362	
729	Tet4	2	445	308	309	
730	Tet4	1	23	445	22	
731	Tet4	309	310	445	353	
732	Tet4	22	23	445	438	
733	Tet4	353	362	367	445	
734	Tet4	362	367	445	441	
735	Tet4	1	2	309	445	
736	Tet4	1	2	445	23	
737	Tet4	2	283	308	445	
738	Tet4	1	445	309	310	
739	Tet4	24	283	445	287	
740	Tet4	287	423	290	446	
741	Tet4	352	361	368	446	
742	Tet4	307	446	361	352	
743	Tet4	283	290	446	287	
744	Tet4	291	423	361	446	
745	Tet4	290	446	423	291	
746	Tet4	291	361	307	446	
747	Tet4	290	307	446	291	
748	Tet4	290	308	446	307	
749	Tet4	307	308	446	352	
750	Tet4	283	308	446	290	
751	Tet4	352	368	359	446	
752	Tet4	287	441	446	445	
753	Tet4	283	287	446	445	
754	Tet4	283	446	308	445	
755	Tet4	362	446	441	445	
756	Tet4	308	362	446	352	
757	Tet4	308	446	362	445	
758	Tet4	341	447	390	442	
759	Tet4	390	447	399	442	
760	Tet4	11	447	184	341	
761	Tet4	184	447	399	390	
762	Tet4	184	447	390	341	
763	Tet4	10	447	31	32	
764	Tet4	10	31	447	341	
765	Tet4	31	214	447	341	
766	Tet4	214	447	341	442	
767	Tet4	10	11	447	32	
768	Tet4	10	447	11	341	
769	Tet4	85	86	448	444	
770	Tet4	42	438	448	444	
771	Tet4	41	42	448	444	
772	Tet4	41	448	86	444	
773	Tet4	354	448	366	357	
774	Tet4	354	366	448	363	
775	Tet4	311	354	448	363	
776	Tet4	311	312	448	354	
777	Tet4	21	312	79	448	
778	Tet4	21	312	448	311	
779	Tet4	390	391	449	393	
780	Tet4	186	449	390	391	
781	Tet4	211	214	341	449	
782	Tet4	390	393	449	442	
783	Tet4	210	426	449	391	
784	Tet4	210	449	426	211	
785	Tet4	186	210	449	391	
786	Tet4	186	449	210	211	
787	Tet4	185	390	186	449	
788	Tet4	185	449	186	211	
789	Tet4	214	341	449	442	
790	Tet4	341	390	449	442	
791	Tet4	185	341	390	449	
792	Tet4	185	341	449	211	
793	Tet4	389	450	398	403	
794	Tet4	182	398	389	450	
795	Tet4	389	450	403	394	
796	Tet4	62	336	331	451	
797	Tet4	148	451	331	336	
798	Tet4	62	451	348	347	
799	Tet4	62	336	451	347	
800	Tet4	148	451	336	160	
801	Tet4	148	451	160	149	
802	Tet4	35	150	451	36	
803	Tet4	35	451	52	36	
804	Tet4	35	52	451	347	
805	Tet4	158	160	336	451	
806	Tet4	149	160	158	451	
807	Tet4	149	158	150	451	
808	Tet4	150	451	158	159	
809	Tet4	35	451	150	159	
810	Tet4	335	343	452	444	
811	Tet4	55	452	343	444	
812	Tet4	39	40	452	55	
813	Tet4	85	86	452	94	
814	Tet4	85	452	335	94	
815	Tet4	85	335	452	444	
816	Tet4	85	452	86	444	
817	Tet4	94	335	332	452	
818	Tet4	40	41	452	55	
819	Tet4	41	452	55	444	
820	Tet4	86	452	94	95	
821	Tet4	40	452	86	95	
822	Tet4	40	86	452	41	
823	Tet4	41	86	452	444	
824	Tet4	59	60	332	453	
825	Tet4	59	343	60	453	
826	Tet4	60	453	343	348	
827	Tet4	54	343	453	348	
828	Tet4	60	331	332	453	
829	Tet4	38	54	39	453	
830	Tet4	332	335	453	452	
831	Tet4	335	343	453	452	
832	Tet4	54	453	343	55	
833	Tet4	39	453	54	55	
834	Tet4	94	332	454	452	
835	Tet4	332	454	452	453	
836	Tet4	93	332	454	94	
837	Tet4	94	454	95	452	
838	Tet4	313	354	355	455	
839	Tet4	354	355	455	357	
840	Tet4	82	455	83	313	
841	Tet4	82	355	455	313	
842	Tet4	312	455	354	313	
843	Tet4	83	455	312	313	
844	Tet4	355	365	455	357	
845	Tet4	354	357	455	448	
846	Tet4	82	355	430	455	
847	Tet4	82	430	83	455	
848	Tet4	79	455	312	83	
849	Tet4	79	455	83	86	
850	Tet4	158	172	427	456	
851	Tet4	388	404	395	456	
852	Tet4	157	456	172	158	
853	Tet4	200	404	456	395	
854	Tet4	171	427	172	456	
855	Tet4	157	172	456	199	
856	Tet4	171	172	200	456	
857	Tet4	172	200	456	199	
858	Tet4	199	200	456	395	
859	Tet4	171	427	456	396	
860	Tet4	396	404	427	456	
861	Tet4	171	456	200	396	
862	Tet4	200	456	404	396	
863	Tet4	131	457	420	132	
864	Tet4	131	331	457	132	
865	Tet4	131	457	411	420	
866	Tet4	131	457	331	148	
867	Tet4	132	420	412	457	
868	Tet4	408	411	457	420	
869	Tet4	148	149	457	451	
870	Tet4	148	457	331	451	
871	Tet4	131	457	148	151	
872	Tet4	148	151	457	149	
873	Tet4	408	420	457	417	
874	Tet4	407	458	412	417	
875	Tet4	407	421	412	458	
876	Tet4	119	458	407	417	
877	Tet4	119	120	458	417	
878	Tet4	95	429	98	459	
879	Tet4	91	98	459	95	
880	Tet4	406	415	422	459	
881	Tet4	116	459	415	406	
882	Tet4	99	429	415	459	
883	Tet4	98	459	429	99	
884	Tet4	91	117	459	98	
885	Tet4	99	459	415	116	
886	Tet4	98	459	99	116	
887	Tet4	98	117	459	116	
888	Tet4	116	117	459	406	
889	Tet4	15	37	460	36	
890	Tet4	36	143	150	460	
891	Tet4	36	460	150	451	
892	Tet4	15	460	37	16	
893	Tet4	15	340	460	16	
894	Tet4	15	460	340	143	
895	Tet4	15	460	143	36	
896	Tet4	120	460	408	340	
897	Tet4	120	408	460	417	
898	Tet4	408	460	417	457	
899	Tet4	417	457	460	458	
900	Tet4	16	120	340	460	
901	Tet4	120	417	460	458	
902	Tet4	408	409	461	411	
903	Tet4	122	408	409	461	
904	Tet4	147	428	150	461	
905	Tet4	408	411	461	457	
906	Tet4	409	419	461	411	
907	Tet4	122	147	461	146	
908	Tet4	122	461	409	146	
909	Tet4	121	461	408	122	
910	Tet4	121	461	122	147	
911	Tet4	340	408	461	460	
912	Tet4	121	408	461	340	
913	Tet4	121	340	461	147	
914	Tet4	143	461	340	147	
915	Tet4	143	150	461	147	
916	Tet4	409	461	419	428	
917	Tet4	146	428	147	461	
918	Tet4	146	409	428	461	
919	Tet4	149	150	461	457	
920	Tet4	408	457	461	460	
921	Tet4	150	461	457	460	
922	Tet4	149	150	428	461	
923	Tet4	213	462	214	442	
924	Tet4	30	31	462	49	
925	Tet4	30	214	462	31	
926	Tet4	214	442	462	447	
927	Tet4	31	214	462	447	
928	Tet4	49	462	346	443	
929	Tet4	65	329	462	338	
930	Tet4	65	338	462	346	
931	Tet4	212	462	329	338	
932	Tet4	212	462	338	213	
933	Tet4	65	346	462	443	
934	Tet4	65	462	329	443	
935	Tet4	32	462	443	447	
936	Tet4	31	462	32	447	
937	Tet4	31	462	49	32	
938	Tet4	32	462	49	443	
939	Tet4	322	358	367	463	
940	Tet4	330	438	463	441	
941	Tet4	328	463	330	438	
942	Tet4	322	330	463	441	
943	Tet4	322	463	367	441	
944	Tet4	321	358	322	463	
945	Tet4	321	463	322	330	
946	Tet4	367	441	463	445	
947	Tet4	438	463	441	445	
948	Tet4	321	463	330	328	
949	Tet4	353	367	358	463	
950	Tet4	353	367	463	445	
951	Tet4	353	358	363	463	
952	Tet4	286	297	423	464	
953	Tet4	324	368	464	359	
954	Tet4	297	423	464	298	
955	Tet4	297	464	324	298	
956	Tet4	297	464	323	324	
957	Tet4	323	324	464	359	
958	Tet4	359	464	441	446	
959	Tet4	359	368	464	446	
960	Tet4	323	359	464	441	
961	Tet4	285	297	286	464	
962	Tet4	285	464	286	441	
963	Tet4	361	464	368	446	
964	Tet4	361	423	464	446	
965	Tet4	286	464	423	287	
966	Tet4	287	464	423	446	
967	Tet4	298	360	423	464	
968	Tet4	324	360	464	368	
969	Tet4	285	323	297	464	
970	Tet4	285	323	464	441	
971	Tet4	34	465	35	159	
972	Tet4	35	465	347	451	
973	Tet4	336	347	465	451	
974	Tet4	158	336	465	451	
975	Tet4	63	465	336	347	
976	Tet4	63	336	465	327	
977	Tet4	35	159	465	451	
978	Tet4	158	465	159	451	
979	Tet4	63	327	465	443	
980	Tet4	63	465	347	443	
981	Tet4	51	347	465	443	
982	Tet4	33	443	465	450	
983	Tet4	33	465	34	450	
984	Tet4	33	51	34	465	
985	Tet4	33	51	465	443	
986	Tet4	159	427	162	466	
987	Tet4	180	466	397	388	
988	Tet4	162	466	427	163	
989	Tet4	162	342	466	181	
990	Tet4	388	397	404	466	
991	Tet4	162	180	466	163	
992	Tet4	162	466	180	181	
993	Tet4	180	181	466	388	
994	Tet4	397	404	466	427	
995	Tet4	404	466	427	456	
996	Tet4	163	180	466	179	
997	Tet4	179	397	180	466	
998	Tet4	136	422	467	413	
999	Tet4	94	108	429	467	
1000	Tet4	413	422	467	454	
1001	Tet4	108	136	467	135	
1002	Tet4	135	413	136	467	
1003	Tet4	107	136	467	108	
1004	Tet4	107	467	429	108	
1005	Tet4	93	467	108	94	
1006	Tet4	93	467	94	454	
1007	Tet4	135	413	467	454	
1008	Tet4	422	467	454	459	
1009	Tet4	136	467	422	414	
1010	Tet4	107	429	467	414	
1011	Tet4	94	467	429	95	
1012	Tet4	95	467	429	459	
1013	Tet4	415	467	422	459	
1014	Tet4	415	429	467	459	
1015	Tet4	93	108	467	135	
1016	Tet4	93	135	467	454	
1017	Tet4	17	39	468	38	
1018	Tet4	95	468	454	459	
1019	Tet4	18	468	117	118	
1020	Tet4	17	18	118	468	
1021	Tet4	17	18	468	39	
1022	Tet4	95	468	452	454	
1023	Tet4	91	468	95	459	
1024	Tet4	18	91	117	468	
1025	Tet4	91	117	468	459	
1026	Tet4	38	39	468	453	
1027	Tet4	40	91	468	95	
1028	Tet4	18	468	39	40	
1029	Tet4	363	448	469	463	
1030	Tet4	311	469	363	448	
1031	Tet4	353	363	469	463	
1032	Tet4	310	311	469	363	
1033	Tet4	22	469	42	438	
1034	Tet4	42	438	469	448	
1035	Tet4	22	469	438	445	
1036	Tet4	438	445	469	463	
1037	Tet4	310	363	469	353	
1038	Tet4	353	469	445	463	
1039	Tet4	1	469	310	311	
1040	Tet4	21	22	469	42	
1041	Tet4	310	353	469	445	
1042	Tet4	1	21	469	311	
1043	Tet4	1	469	21	22	
1044	Tet4	1	469	22	445	
1045	Tet4	1	310	469	445	
1046	Tet4	21	448	469	311	
1047	Tet4	21	469	448	42	
1048	Tet4	414	415	467	422	
1049	Tet4	414	467	415	429	
1050	Tet4	163	427	179	466	
1051	Tet4	179	466	427	397	
1052	Tet4	35	465	51	347	
1053	Tet4	34	51	35	465	
1054	Tet4	360	464	361	423	
1055	Tet4	360	361	464	368	
1056	Tet4	24	432	45	25	
1057	Tet4	24	45	432	345	
1058	Tet4	245	440	380	339	
1059	Tet4	245	380	440	370	
1060	Tet4	2	445	24	283	
1061	Tet4	2	24	445	23	
1062	Tet4	226	227	244	440	
1063	Tet4	227	244	440	379	
1064	Tet4	59	335	453	332	
1065	Tet4	59	453	335	343	
1066	Tet4	233	239	378	266	
1067	Tet4	41	448	79	86	
1068	Tet4	300	303	360	326	
1069	Tet4	105	111	414	138	
1070	Tet4	169	175	396	202	
1071	Tet4	68	432	431	349	
1072	Tet4	68	431	432	334	
1073	Tet4	68	333	344	431	
1074	Tet4	67	344	68	333	
1075	Tet4	277	334	337	432	
1076	Tet4	276	337	277	334	
1077	Tet4	222	338	333	433	
1078	Tet4	221	338	333	222	
1079	Tet4	66	333	344	67	
1080	Tet4	66	344	333	433	
1081	Tet4	271	434	439	278	
1082	Tet4	249	439	434	372	
1083	Tet4	249	434	439	271	
1084	Tet4	26	435	431	27	
1085	Tet4	26	431	435	434	
1086	Tet4	7	437	435	28	
1087	Tet4	7	435	437	246	
1088	Tet4	222	437	333	436	
1089	Tet4	222	333	437	433	
1090	Tet4	219	440	437	223	
1091	Tet4	219	437	440	339	
1092	Tet4	57	330	345	438	
1093	Tet4	57	345	330	70	
1094	Tet4	24	445	441	287	
1095	Tet4	23	441	24	445	
1096	Tet4	212	442	462	213	
1097	Tet4	84	335	85	328	
1098	Tet4	85	328	335	444	
1099	Tet4	58	343	335	444	
1100	Tet4	58	335	343	59	
1101	Tet4	359	362	446	441	
1102	Tet4	352	446	359	362	
1103	Tet4	287	441	464	446	
1104	Tet4	286	287	441	464	
1105	Tet4	79	448	455	86	
1106	Tet4	312	455	448	354	
1107	Tet4	79	448	312	455	
1108	Tet4	61	62	331	348	
1109	Tet4	62	331	348	451	
1110	Tet4	40	468	452	95	
1111	Tet4	39	452	40	468	
1112	Tet4	39	452	453	55	
1113	Tet4	55	452	453	343	
1114	Tet4	60	348	331	453	
1115	Tet4	60	331	348	61	
1116	Tet4	412	417	457	420	
1117	Tet4	412	457	417	458	
1118	Tet4	406	454	422	413	
1119	Tet4	406	422	454	459	
1120	Tet4	95	454	467	459	
1121	Tet4	94	95	454	467	
1122	Tet4	143	461	460	340	
1123	Tet4	143	460	461	150	
1124	Tet4	149	451	150	457	
1125	Tet4	150	457	451	460	
1126	Tet4	298	324	360	464	
1127	Tet4	298	360	324	325	
1128	Tet4	157	158	336	327	
1129	Tet4	158	336	327	465	
1130	Tet4	159	162	342	466	
1131	Tet4	155	162	342	159	
1132	Tet4	159	456	427	466	
1133	Tet4	158	427	159	456	
1134	Tet4	107	136	414	467	
1135	Tet4	107	414	136	137	
1136	Tet4	39	452	468	453	
1137	Tet4	452	468	453	454	
1138	Tet4	18	40	91	468	
1139	Tet4	18	91	40	19	
1140	Tet4	269	374	424	270	
1141	Tet4	30	48	49	346	
1142	Tet4	38	119	458	407	
1143	Tet4	233	378	239	369	
1144	Tet4	233	369	425	378	
1145	Tet4	255	374	269	270	
1146	Tet4	255	382	374	270	
1147	Tet4	231	425	233	369	
1148	Tet4	33	34	342	450	
1149	Tet4	33	450	342	182	
1150	Tet4	41	79	448	42	
1151	Tet4	231	233	239	369	
1152	Tet4	20	42	79	41	
1153	Tet4	205	392	426	206	
1154	Tet4	206	392	426	400	
1155	Tet4	229	425	232	369	
1156	Tet4	20	21	79	42	
1157	Tet4	300	423	360	351	
1158	Tet4	12	342	182	33	
1159	Tet4	12	33	34	342	
1160	Tet4	30	462	346	49	
1161	Tet4	295	300	351	423	
1162	Tet4	37	38	119	458	
1163	Tet4	206	426	208	400	
1164	Tet4	205	426	392	218	
1165	Tet4	300	360	303	351	
1166	Tet4	75	356	430	364	
1167	Tet4	74	356	430	75	
1168	Tet4	295	423	351	296	
1169	Tet4	295	351	300	303	
1170	Tet4	132	412	331	457	
1171	Tet4	191	206	392	205	
1172	Tet4	191	392	206	400	
1173	Tet4	293	351	423	296	
1174	Tet4	16	37	120	460	
1175	Tet4	132	133	331	412	
1176	Tet4	17	468	118	38	
1177	Tet4	37	120	460	458	
1178	Tet4	38	118	119	407	
1179	Tet4	17	38	118	119	
1180	Tet4	105	414	111	405	
1181	Tet4	16	17	119	38	
1182	Tet4	75	356	364	78	
1183	Tet4	74	356	75	77	
1184	Tet4	16	38	119	37	
1185	Tet4	75	356	78	77	
1186	Tet4	105	405	429	414	
1187	Tet4	16	119	120	37	
1188	Tet4	169	396	387	427	
1189	Tet4	103	405	429	105	
1190	Tet4	167	169	387	427	
1191	Tet4	103	429	405	104	
1192	Tet4	103	111	405	105	
1193	Tet4	169	396	175	387	
1194	Tet4	167	387	168	427	
1195	Tet4	167	175	387	169	
1196	Tet4	141	410	428	142	
1197	Tet4	142	410	428	418	
1198	Tet4	101	405	429	104	
1199	Tet4	127	410	141	142	
1200	Tet4	127	418	410	142	
1201	Tet4	30	433	48	346	
1202	Tet4	270	374	424	382	
1203	Tet4	21	448	79	42	
1204	Tet4	331	412	458	457	
1205	Tet4	37	119	120	458	
1206	Tet4	12	476	33	182	
1207	Tet4	33	182	476	450	
1208	Tet4	30	346	478	433	
1209	Tet4	30	478	346	462	
1210	Tet4	331	458	412	486	
1211	Tet4	133	412	486	331	
1212	Tet4	38	489	407	458	
1213	Tet4	413	489	486	421	
1214	Tet4	413	486	489	454	
1215	Tet4	406	413	489	454	
1216	Tet4	406	489	413	416	
1217	Tet4	38	489	118	407	
1218	Tet4	38	118	489	468	
1219	Tet4	333	477	436	474	
1220	Tet4	436	474	477	488	
1221	Tet4	222	437	440	223	
1222	Tet4	436	440	437	488	
1223	Tet4	222	436	440	437	
1224	Tet4	129	487	410	419	
1225	Tet4	129	410	487	153	
1226	Tet4	411	457	487	461	
1227	Tet4	149	487	457	461	
1228	Tet4	331	453	486	332	
1229	Tet4	331	486	453	458	
1230	Tet4	135	454	332	486	
1231	Tet4	93	135	454	332	
1232	Tet4	83	455	430	86	
1233	Tet4	86	455	430	485	
1234	Tet4	365	430	455	485	
1235	Tet4	355	430	455	365	
1236	Tet4	84	87	319	85	
1237	Tet4	85	87	319	485	
1238	Tet4	438	463	448	484	
1239	Tet4	438	448	463	469	
1240	Tet4	328	444	484	438	
1241	Tet4	438	444	484	448	
1242	Tet4	84	328	85	319	
1243	Tet4	85	319	328	484	
1244	Tet4	388	456	466	404	
1245	Tet4	388	466	456	483	
1246	Tet4	158	481	483	465	
1247	Tet4	450	483	481	465	
1248	Tet4	181	466	483	342	
1249	Tet4	181	483	466	388	
1250	Tet4	181	182	483	398	
1251	Tet4	181	483	182	342	
1252	Tet4	212	482	462	442	
1253	Tet4	212	462	482	329	
1254	Tet4	195	402	442	393	
1255	Tet4	195	442	402	482	
1256	Tet4	443	481	465	450	
1257	Tet4	327	481	465	443	
1258	Tet4	211	449	426	214	
1259	Tet4	214	449	426	480	
1260	Tet4	391	393	480	449	
1261	Tet4	391	480	393	401	
1262	Tet4	275	439	424	278	
1263	Tet4	278	439	424	479	
1264	Tet4	383	424	439	479	
1265	Tet4	373	424	439	383	
1266	Tet4	259	282	277	276	
1267	Tet4	259	277	282	479	
1268	Tet4	259	479	434	277	
1269	Tet4	259	434	479	375	
1270	Tet4	338	478	346	433	
1271	Tet4	338	346	478	462	
1272	Tet4	219	437	478	223	
1273	Tet4	29	478	219	437	
1274	Tet4	262	385	477	376	
1275	Tet4	262	477	385	436	
1276	Tet4	23	438	441	445	
1277	Tet4	23	438	473	441	
1278	Tet4	23	473	438	475	
1279	Tet4	23	438	43	475	
1280	Tet4	22	23	438	43	
1281	Tet4	43	438	345	475	
1282	Tet4	43	345	438	350	
1283	Tet4	24	44	345	475	
1284	Tet4	24	345	44	45	
1285	Tet4	24	470	432	25	
1286	Tet4	24	432	470	473	
1287	Tet4	277	337	286	473	
1288	Tet4	277	286	337	288	
1289	Tet4	286	337	330	473	
1290	Tet4	285	286	337	330	
1291	Tet4	52	348	451	347	
1292	Tet4	52	451	348	472	
1293	Tet4	235	264	378	471	
1294	Tet4	235	378	264	265	
1295	Tet4	386	440	425	471	
1296	Tet4	379	386	440	425	
1297	Tet4	222	425	440	471	
1298	Tet4	222	440	425	223	
1299	Tet4	4	271	470	25	
1300	Tet4	4	470	271	284	
1301	Tet4	333	474	436	437	
