Node Number	X Location (m)	Y Location (m)	Z Location (m)	
1	-2,3e-002	2,449e-002	9,3024e-023	
2	-2,1447e-002	2,449e-002	8,3086e-003	
3	-1,6997e-002	2,449e-002	1,5495e-002	
4	-1,0252e-002	2,449e-002	2,0589e-002	
5	-2,1222e-003	2,449e-002	2,2902e-002	
6	6,2942e-003	2,449e-002	2,2122e-002	
7	1,3861e-002	2,449e-002	1,8354e-002	
8	1,9555e-002	2,449e-002	1,2108e-002	
9	2,2608e-002	2,449e-002	4,2262e-003	
10	2,2608e-002	2,449e-002	-4,2262e-003	
11	1,9555e-002	2,449e-002	-1,2108e-002	
12	1,3861e-002	2,449e-002	-1,8354e-002	
13	6,2942e-003	2,449e-002	-2,2122e-002	
14	-2,1222e-003	2,449e-002	-2,2902e-002	
15	-1,0252e-002	2,449e-002	-2,0589e-002	
16	-1,6997e-002	2,449e-002	-1,5495e-002	
17	-2,1447e-002	2,449e-002	-8,3086e-003	
18	-2,3e-002	8,53e-003	9,3024e-023	
19	-2,1447e-002	8,53e-003	8,3086e-003	
20	-1,6997e-002	8,53e-003	1,5495e-002	
21	-1,0252e-002	8,53e-003	2,0589e-002	
22	-2,1222e-003	8,53e-003	2,2902e-002	
23	6,2942e-003	8,53e-003	2,2122e-002	
24	1,3861e-002	8,53e-003	1,8354e-002	
25	1,9555e-002	8,53e-003	1,2108e-002	
26	2,2608e-002	8,53e-003	4,2262e-003	
27	2,2608e-002	8,53e-003	-4,2262e-003	
28	1,9555e-002	8,53e-003	-1,2108e-002	
29	1,3861e-002	8,53e-003	-1,8354e-002	
30	6,2942e-003	8,53e-003	-2,2122e-002	
31	-2,1222e-003	8,53e-003	-2,2902e-002	
32	-1,0252e-002	8,53e-003	-2,0589e-002	
33	-1,6997e-002	8,53e-003	-1,5495e-002	
34	-2,1447e-002	8,53e-003	-8,3086e-003	
35	-1,2e-002	8,53e-003	5,3291e-018	
36	-9,1925e-003	8,53e-003	7,7135e-003	
37	-2,0838e-003	8,53e-003	1,1818e-002	
38	6,e-003	8,53e-003	1,0392e-002	
39	1,1276e-002	8,53e-003	4,1042e-003	
40	1,1276e-002	8,53e-003	-4,1042e-003	
41	6,e-003	8,53e-003	-1,0392e-002	
42	-2,0838e-003	8,53e-003	-1,1818e-002	
43	-9,1925e-003	8,53e-003	-7,7135e-003	
44	-1,2e-002	0,	-6,7986e-018	
45	-9,1925e-003	0,	-7,7135e-003	
46	-2,0838e-003	0,	-1,1818e-002	
47	6,e-003	0,	-1,0392e-002	
48	1,1276e-002	0,	-4,1042e-003	
49	1,1276e-002	0,	4,1042e-003	
50	6,e-003	0,	1,0392e-002	
51	-2,0838e-003	0,	1,1818e-002	
52	-9,1925e-003	0,	7,7135e-003	
53	-3,95e-002	2,449e-002	-3,1e-002	
54	-3,575e-002	2,449e-002	-2,4505e-002	
55	-2,825e-002	2,449e-002	-2,4505e-002	
56	-2,45e-002	2,449e-002	-3,1e-002	
57	-2,825e-002	2,449e-002	-3,7495e-002	
58	-3,575e-002	2,449e-002	-3,7495e-002	
59	-3,95e-002	0,	-3,1e-002	
60	-3,575e-002	0,	-2,4505e-002	
61	-2,825e-002	0,	-2,4505e-002	
62	-2,45e-002	0,	-3,1e-002	
63	-2,825e-002	0,	-3,7495e-002	
64	-3,575e-002	0,	-3,7495e-002	
65	2,45e-002	2,449e-002	-3,1e-002	
66	2,825e-002	2,449e-002	-2,4505e-002	
67	3,575e-002	2,449e-002	-2,4505e-002	
68	3,95e-002	2,449e-002	-3,1e-002	
69	3,575e-002	2,449e-002	-3,7495e-002	
70	2,825e-002	2,449e-002	-3,7495e-002	
71	2,45e-002	0,	-3,1e-002	
72	2,825e-002	0,	-3,7495e-002	
73	3,575e-002	0,	-3,7495e-002	
74	3,95e-002	0,	-3,1e-002	
75	3,575e-002	0,	-2,4505e-002	
76	2,825e-002	0,	-2,4505e-002	
77	-6,e-002	2,449e-002	-7,3479e-018	
78	-5,9416e-002	2,449e-002	-8,3504e-003	
79	-5,7676e-002	2,449e-002	-1,6538e-002	
80	-5,4813e-002	2,449e-002	-2,4404e-002	
81	-5,0883e-002	2,449e-002	-3,1795e-002	
82	-4,5963e-002	2,449e-002	-3,8567e-002	
83	-4,0148e-002	2,449e-002	-4,4589e-002	
84	-3,3552e-002	2,449e-002	-4,9742e-002	
85	-2,6302e-002	2,449e-002	-5,3928e-002	
86	-1,8541e-002	2,449e-002	-5,7063e-002	
87	-1,0419e-002	2,449e-002	-5,9088e-002	
88	-2,094e-003	2,449e-002	-5,9963e-002	
89	6,2717e-003	2,449e-002	-5,9671e-002	
90	1,4515e-002	2,449e-002	-5,8218e-002	
91	2,2476e-002	2,449e-002	-5,5631e-002	
92	3,e-002	2,449e-002	-5,1962e-002	
93	3,694e-002	2,449e-002	-4,7281e-002	
94	4,316e-002	2,449e-002	-4,168e-002	
95	4,8541e-002	2,449e-002	-3,5267e-002	
96	5,2977e-002	2,449e-002	-2,8168e-002	
97	5,6382e-002	2,449e-002	-2,0521e-002	
98	5,8689e-002	2,449e-002	-1,2475e-002	
99	5,9854e-002	2,449e-002	-4,1854e-003	
100	5,9854e-002	2,449e-002	4,1854e-003	
101	5,8689e-002	2,449e-002	1,2475e-002	
102	5,6382e-002	2,449e-002	2,0521e-002	
103	5,2977e-002	2,449e-002	2,8168e-002	
104	4,8541e-002	2,449e-002	3,5267e-002	
105	4,316e-002	2,449e-002	4,168e-002	
106	3,694e-002	2,449e-002	4,7281e-002	
107	3,e-002	2,449e-002	5,1962e-002	
108	2,2476e-002	2,449e-002	5,5631e-002	
109	1,4515e-002	2,449e-002	5,8218e-002	
110	6,2717e-003	2,449e-002	5,9671e-002	
111	-2,094e-003	2,449e-002	5,9963e-002	
112	-1,0419e-002	2,449e-002	5,9088e-002	
113	-1,8541e-002	2,449e-002	5,7063e-002	
114	-2,6302e-002	2,449e-002	5,3928e-002	
115	-3,3552e-002	2,449e-002	4,9742e-002	
116	-4,0148e-002	2,449e-002	4,4589e-002	
117	-4,5963e-002	2,449e-002	3,8567e-002	
118	-5,0883e-002	2,449e-002	3,1795e-002	
119	-5,4813e-002	2,449e-002	2,4404e-002	
120	-5,7676e-002	2,449e-002	1,6538e-002	
121	-5,9416e-002	2,449e-002	8,3504e-003	
122	-6,e-002	0,	7,3479e-018	
123	-5,9416e-002	0,	8,3504e-003	
124	-5,7676e-002	0,	1,6538e-002	
125	-5,4813e-002	0,	2,4404e-002	
126	-5,0883e-002	0,	3,1795e-002	
127	-4,5963e-002	0,	3,8567e-002	
128	-4,0148e-002	0,	4,4589e-002	
129	-3,3552e-002	0,	4,9742e-002	
130	-2,6302e-002	0,	5,3928e-002	
131	-1,8541e-002	0,	5,7063e-002	
132	-1,0419e-002	0,	5,9088e-002	
133	-2,094e-003	0,	5,9963e-002	
134	6,2717e-003	0,	5,9671e-002	
135	1,4515e-002	0,	5,8218e-002	
136	2,2476e-002	0,	5,5631e-002	
137	3,e-002	0,	5,1962e-002	
138	3,694e-002	0,	4,7281e-002	
139	4,316e-002	0,	4,168e-002	
140	4,8541e-002	0,	3,5267e-002	
141	5,2977e-002	0,	2,8168e-002	
142	5,6382e-002	0,	2,0521e-002	
143	5,8689e-002	0,	1,2475e-002	
144	5,9854e-002	0,	4,1854e-003	
145	5,9854e-002	0,	-4,1854e-003	
146	5,8689e-002	0,	-1,2475e-002	
147	5,6382e-002	0,	-2,0521e-002	
148	5,2977e-002	0,	-2,8168e-002	
149	4,8541e-002	0,	-3,5267e-002	
150	4,316e-002	0,	-4,168e-002	
151	3,694e-002	0,	-4,7281e-002	
152	3,e-002	0,	-5,1962e-002	
153	2,2476e-002	0,	-5,5631e-002	
154	1,4515e-002	0,	-5,8218e-002	
155	6,2717e-003	0,	-5,9671e-002	
156	-2,094e-003	0,	-5,9963e-002	
157	-1,0419e-002	0,	-5,9088e-002	
158	-1,8541e-002	0,	-5,7063e-002	
159	-2,6302e-002	0,	-5,3928e-002	
160	-3,3552e-002	0,	-4,9742e-002	
161	-4,0148e-002	0,	-4,4589e-002	
162	-4,5963e-002	0,	-3,8567e-002	
163	-5,0883e-002	0,	-3,1795e-002	
164	-5,4813e-002	0,	-2,4404e-002	
165	-5,7676e-002	0,	-1,6538e-002	
166	-5,9416e-002	0,	-8,3504e-003	
167	-3,95e-002	2,449e-002	3,1e-002	
168	-3,575e-002	2,449e-002	3,7495e-002	
169	-2,825e-002	2,449e-002	3,7495e-002	
170	-2,45e-002	2,449e-002	3,1e-002	
171	-2,825e-002	2,449e-002	2,4505e-002	
172	-3,575e-002	2,449e-002	2,4505e-002	
173	-3,95e-002	0,	3,1e-002	
174	-3,575e-002	0,	2,4505e-002	
175	-2,825e-002	0,	2,4505e-002	
176	-2,45e-002	0,	3,1e-002	
177	-2,825e-002	0,	3,7495e-002	
178	-3,575e-002	0,	3,7495e-002	
179	2,45e-002	2,449e-002	3,1e-002	
180	2,825e-002	2,449e-002	3,7495e-002	
181	3,575e-002	2,449e-002	3,7495e-002	
182	3,95e-002	2,449e-002	3,1e-002	
183	3,575e-002	2,449e-002	2,4505e-002	
184	2,825e-002	2,449e-002	2,4505e-002	
185	2,45e-002	0,	3,1e-002	
186	2,825e-002	0,	2,4505e-002	
187	3,575e-002	0,	2,4505e-002	
188	3,95e-002	0,	3,1e-002	
189	3,575e-002	0,	3,7495e-002	
190	2,825e-002	0,	3,7495e-002	
191	2,4751e-002	1,4755e-002	3,2922e-002	
192	3,0226e-002	1,5633e-002	3,8287e-002	
193	3,9271e-002	1,6631e-002	2,916e-002	
194	3,4419e-002	1,5534e-002	2,3901e-002	
195	2,9448e-002	8,2688e-003	2,3947e-002	
196	3,7292e-002	9,1356e-003	3,6315e-002	
197	3,7596e-002	7,6795e-003	2,6007e-002	
198	2,5341e-002	6,6127e-003	3,4451e-002	
199	2,8572e-002	1,002e-002	3,7671e-002	
200	2,4518e-002	7,8932e-003	3,0485e-002	
201	-3,5437e-002	1,6335e-002	3,7666e-002	
202	-2,8563e-002	1,6335e-002	2,4334e-002	
203	-3,3959e-002	7,7429e-003	2,376e-002	
204	-3,0041e-002	7,7429e-003	3,824e-002	
205	-2,4751e-002	1,4755e-002	3,2922e-002	
206	-2,5862e-002	8,0322e-003	2,669e-002	
207	-3,9249e-002	1,4755e-002	2,9078e-002	
208	-3,8138e-002	8,0322e-003	3,531e-002	
209	-5,9693e-002	1,5053e-002	6,0664e-003	
210	-5,9693e-002	9,4369e-003	-6,0664e-003	
211	3,6482e-002	1,5321e-002	4,7635e-002	
212	3,6482e-002	9,1692e-003	-4,7635e-002	
213	-3,3958e-002	1,5466e-002	4,9466e-002	
214	-3,3958e-002	9,0237e-003	-4,9466e-002	
215	-3,8409e-002	1,66e-002	-4,6095e-002	
216	-3,8409e-002	7,8895e-003	4,6095e-002	
217	-5,3837e-002	1,5053e-002	-2,6488e-002	
218	4,7243e-002	1,6271e-002	3,6988e-002	
219	-5,3837e-002	9,4369e-003	2,6488e-002	
220	4,7243e-002	8,2187e-003	-3,6988e-002	
221	-1,5236e-002	1,6515e-002	-5,8033e-002	
222	2,6125e-002	1,6045e-002	-5,4014e-002	
223	4,2305e-002	1,6104e-002	-4,2548e-002	
224	-1,5236e-002	7,9747e-003	5,8033e-002	
225	2,6125e-002	8,4449e-003	5,4014e-002	
226	4,2305e-002	8,3855e-003	4,2548e-002	
227	5,4718e-002	1,5597e-002	-2,4616e-002	
228	1,6737e-002	1,5053e-002	5,7618e-002	
229	5,4718e-002	8,8925e-003	2,4616e-002	
230	1,6737e-002	9,4369e-003	-5,7618e-002	
231	7,3827e-003	1,7644e-002	-5,9544e-002	
232	5,6163e-002	1,8724e-002	2,1112e-002	
233	7,3706e-003	6,8464e-003	5,9546e-002	
234	5,6163e-002	5,7658e-003	-2,1112e-002	
235	5,9649e-002	1,5053e-002	6,477e-003	
236	-4,3913e-003	1,5053e-002	5,9839e-002	
237	-4,7407e-002	1,5053e-002	3,6777e-002	
238	5,9649e-002	9,4369e-003	-6,477e-003	
239	-4,3913e-003	9,4369e-003	-5,9839e-002	
240	-4,7407e-002	9,4369e-003	-3,6777e-002	
241	5,9112e-002	1,5011e-002	-1,0287e-002	
242	5,9112e-002	9,4792e-003	1,0287e-002	
243	-5,6999e-002	1,5053e-002	1,8737e-002	
244	-5,6999e-002	9,4369e-003	-1,8737e-002	
245	-2,4215e-002	1,5053e-002	5,4896e-002	
246	-2,4215e-002	9,4369e-003	-5,4896e-002	
247	5,7745e-002	1,2924e-002	1,6294e-002	
248	5,7745e-002	1,1566e-002	-1,6294e-002	
249	-4,3535e-002	1,595e-002	-4,1288e-002	
250	5,9154e-003	1,4841e-002	5,9708e-002	
251	5,9668e-003	9,6306e-003	-5,9703e-002	
252	2,4705e-002	8,7287e-003	-3,2741e-002	
253	2,9646e-002	1,5797e-002	-2,3879e-002	
254	3,9251e-002	1,5809e-002	-3,2916e-002	
255	3,3623e-002	1,5496e-002	-3,8322e-002	
256	3,0041e-002	7,7429e-003	-3,824e-002	
257	3,7292e-002	9,1356e-003	-2,5685e-002	
258	3,7315e-002	7,7537e-003	-3,6291e-002	
259	2,671e-002	1,6747e-002	-3,6316e-002	
260	2,8354e-002	8,8611e-003	-2,4446e-002	
261	2,4512e-002	1,53e-002	-3,0585e-002	
262	-3,396e-002	1,4755e-002	-2,3761e-002	
263	-3,004e-002	1,4755e-002	-3,8239e-002	
264	-2,9176e-002	7,3136e-003	-2,4052e-002	
265	-3,4824e-002	7,3136e-003	-3,7948e-002	
266	-2,4751e-002	9,1356e-003	-3,2925e-002	
267	-3,9249e-002	9,1356e-003	-2,9075e-002	
268	-2,5702e-002	1,5633e-002	-2,6928e-002	
269	-3,8298e-002	1,5633e-002	-3,5072e-002	
270	-2,4571e-002	1,5731e-002	-3,2028e-002	
271	-3,9429e-002	1,5731e-002	-2,9972e-002	
272	-2,2892e-002	1,6514e-002	2,2314e-003	
273	-1,3503e-002	1,6516e-002	-1,8619e-002	
274	1,0649e-002	1,6516e-002	-2,0386e-002	
275	-1,4213e-002	1,6516e-002	1,8083e-002	
276	8,4108e-003	1,6514e-002	2,1407e-002	
277	2,0639e-002	1,6514e-002	1,0151e-002	
278	2,2091e-002	1,6514e-002	-6,4027e-003	
279	3,6431e-002	0,	8,9026e-003	
280	-2,2398e-003	0,	-4,6145e-002	
281	-5,427e-004	0,	2,6134e-002	
282	-2,8e-002	0,	-2,0831e-018	
283	3,34e-002	0,	-9,8942e-003	
284	5,2474e-003	0,	4,5214e-002	
285	1,9547e-003	0,	-2,7154e-002	
286	-1,2502e-002	0,	4,3914e-002	
287	-4,574e-002	0,	2,9741e-003	
288	1,3872e-002	0,	-4,2001e-002	
289	-3,9729e-002	0,	-1,0165e-002	
290	-1,3292e-002	0,	-2,1409e-002	
291	-1,4851e-002	0,	1,9898e-002	
292	1,525e-002	0,	-2,0696e-002	
293	1,4818e-002	0,	1,9163e-002	
294	4,7628e-002	0,	-6,7624e-003	
295	-1,5878e-002	0,	-4,2825e-002	
296	-3,1875e-002	0,	1,2252e-002	
297	-2,0646e-002	0,	-1,0704e-002	
298	2,2725e-002	0,	4,0349e-003	
299	1,2251e-002	0,	3,2356e-002	
300	5,0998e-002	0,	5,1805e-003	
301	1,8241e-002	0,	4,209e-002	
302	-2,0773e-002	0,	1,068e-002	
303	4,5271e-002	0,	1,7502e-002	
304	-4,926e-002	0,	1,429e-002	
305	-1,0613e-002	0,	-3,3699e-002	
306	4,2008e-002	0,	-1,6976e-002	
307	2,284e-002	0,	-1,2585e-002	
308	4,1231e-002	2,449e-002	-2,0425e-005	
309	2,0748e-003	2,449e-002	-4,1287e-002	
310	2,0748e-003	2,449e-002	4,1287e-002	
311	-4,0786e-002	2,449e-002	-6,7396e-003	
312	-1,3088e-002	2,449e-002	3,9391e-002	
313	-1,3088e-002	2,449e-002	-3,9391e-002	
314	-3,6123e-002	2,449e-002	1,0042e-002	
315	1,6897e-002	2,449e-002	4,1126e-002	
316	1,6897e-002	2,449e-002	-4,1126e-002	
317	3,6678e-002	2,449e-002	1,3775e-002	
318	3,6673e-002	2,449e-002	-1,3788e-002	
319	-4,4986e-002	2,449e-002	-2,132e-002	
320	-3,1369e-002	2,449e-002	-1,6812e-002	
321	-5,0312e-002	2,449e-002	2,0876e-003	
322	-4,6646e-002	2,449e-002	1,7285e-002	
323	4,6066e-002	2,449e-002	2,2513e-002	
324	4,6066e-002	2,449e-002	-2,2513e-002	
325	-4,4157e-002	7,9523e-003	2,8898e-002	
326	-4,5931e-002	1,7685e-002	2,4796e-002	
327	-2,413e-002	1,0321e-002	4,4263e-002	
328	-4,6123e-002	1,0098e-002	1,237e-002	
329	-2,6966e-002	1,0231e-002	1,5813e-002	
330	-1,4004e-002	1,211e-002	2,9084e-002	
331	-1,1161e-002	1,4135e-002	4,9218e-002	
332	-3,5816e-002	1,2589e-002	-1,1631e-003	
333	4,7612e-003	1,2532e-002	3,4936e-002	
334	-5,0732e-002	1,0742e-002	-8,0801e-003	
335	2,0756e-003	1,5535e-002	5,3111e-002	
336	-2,9542e-002	1,2003e-002	-1,5125e-002	
337	1,337e-002	1,2311e-002	5,0216e-002	
338	-2,0745e-002	7,0323e-003	-2,4502e-002	
339	2,2435e-002	1,3511e-002	4,1139e-002	
340	1,719e-002	1,0431e-002	2,7506e-002	
341	-4,4232e-002	1,3839e-002	-2,1616e-002	
342	-2,0719e-002	1,8652e-002	-2,4487e-002	
343	-1,7155e-002	9,3425e-003	-3,3505e-002	
344	3,1048e-002	1,0779e-002	1,2747e-002	
345	2,8814e-002	5,5762e-003	4,2901e-002	
346	-5,9274e-003	1,6295e-002	-3,1362e-002	
347	3,1847e-002	1,3463e-002	9,48e-005	
348	4,1543e-002	1,4039e-002	2,0241e-002	
349	1,0322e-002	1,413e-002	-3,0897e-002	
350	4,4857e-002	8,4141e-003	2,7651e-002	
351	-2,5436e-002	7,5789e-003	-4,4887e-002	
352	3,6347e-003	1,2249e-002	-5,0322e-002	
353	-1,2351e-002	8,8763e-003	-4,9537e-002	
354	2,9366e-002	1,021e-002	-1,6029e-002	
355	4,7394e-002	1,8518e-002	1,3532e-002	
356	4,7116e-002	1,249e-002	-1,1633e-002	
357	2,1966e-002	9,8055e-003	-4,169e-002	
358	3,9496e-002	1,4165e-002	-2,0269e-002	
359	2,0337e-002	1,7005e-002	-2,275e-002	
360	4,8948e-002	6,318e-003	-2,1793e-002	
361	2,979e-002	1,7823e-002	-4,3343e-002	
362	5,1167e-002	6,5873e-003	1,6738e-002	
363	-2,1979e-002	1,6646e-002	2,0682e-002	
364	-4,2696e-002	2,011e-002	-3,427e-002	
365	4,4775e-002	1,7128e-002	-2,7855e-002	
366	1,6817e-002	1,6963e-002	-4,9372e-002	
367	1,8756e-002	7,8348e-003	-2,5349e-002	
368	-3,5041e-002	1,6116e-002	1,6901e-002	
369	1,2568e-002	4,265e-003	1,1229e-002	
370	-4,4438e-002	6,4455e-003	-3,0122e-002	
371	-2,1796e-002	1,7945e-002	-4,058e-002	
372	-2,6633e-002	1,6951e-002	-4,7227e-002	
373	2,8846e-002	1,8746e-002	4,5004e-002	
374	4,4808e-002	8,4692e-003	4,2901e-003	
375	4,6162e-002	1,8816e-002	2,6604e-002	
376	5,2842e-002	1,4489e-002	-6,2676e-004	
377	3,3491e-002	3,8715e-003	-4,276e-002	
