Node Number	X Location (m)	Y Location (m)	Z Location (m)	
1	-2,3e-002	2,e-002	-1,1061e-017	
2	-2,1978e-002	2,e-002	6,7794e-003	
3	-1,9003e-002	2,e-002	1,2956e-002	
4	-1,434e-002	2,e-002	1,7982e-002	
5	-8,4028e-003	2,e-002	2,141e-002	
6	-1,7188e-003	2,e-002	2,2936e-002	
7	5,118e-003	2,e-002	2,2423e-002	
8	1,15e-002	2,e-002	1,9919e-002	
9	1,686e-002	2,e-002	1,5644e-002	
10	2,0722e-002	2,e-002	9,9793e-003	
11	2,2743e-002	2,e-002	3,428e-003	
12	2,2743e-002	2,e-002	-3,428e-003	
13	2,0722e-002	2,e-002	-9,9793e-003	
14	1,686e-002	2,e-002	-1,5644e-002	
15	1,15e-002	2,e-002	-1,9919e-002	
16	5,118e-003	2,e-002	-2,2423e-002	
17	-1,7188e-003	2,e-002	-2,2936e-002	
18	-8,4028e-003	2,e-002	-2,141e-002	
19	-1,434e-002	2,e-002	-1,7982e-002	
20	-1,9003e-002	2,e-002	-1,2956e-002	
21	-2,1978e-002	2,e-002	-6,7794e-003	
22	-2,3e-002	1,659e-002	-1,3878e-017	
23	-2,1978e-002	1,659e-002	6,7794e-003	
24	-1,9003e-002	1,659e-002	1,2956e-002	
25	-1,434e-002	1,659e-002	1,7982e-002	
26	-8,4028e-003	1,659e-002	2,141e-002	
27	-1,7188e-003	1,659e-002	2,2936e-002	
28	5,118e-003	1,659e-002	2,2423e-002	
29	1,15e-002	1,659e-002	1,9919e-002	
30	1,686e-002	1,659e-002	1,5644e-002	
31	2,0722e-002	1,659e-002	9,9793e-003	
32	2,2743e-002	1,659e-002	3,428e-003	
33	2,2743e-002	1,659e-002	-3,428e-003	
34	2,0722e-002	1,659e-002	-9,9793e-003	
35	1,686e-002	1,659e-002	-1,5644e-002	
36	1,15e-002	1,659e-002	-1,9919e-002	
37	5,118e-003	1,659e-002	-2,2423e-002	
38	-1,7188e-003	1,659e-002	-2,2936e-002	
39	-8,4028e-003	1,659e-002	-2,141e-002	
40	-1,434e-002	1,659e-002	-1,7982e-002	
41	-1,9003e-002	1,659e-002	-1,2956e-002	
42	-2,1978e-002	1,659e-002	-6,7794e-003	
43	-1,5e-002	1,659e-002	6,0668e-023	
44	-1,3515e-002	1,659e-002	6,5083e-003	
45	-9,3523e-003	1,659e-002	1,1727e-002	
46	-3,3378e-003	1,659e-002	1,4624e-002	
47	3,3378e-003	1,659e-002	1,4624e-002	
48	9,3523e-003	1,659e-002	1,1727e-002	
49	1,3515e-002	1,659e-002	6,5083e-003	
50	1,5e-002	1,659e-002	7,0411e-018	
51	1,3515e-002	1,659e-002	-6,5083e-003	
52	9,3523e-003	1,659e-002	-1,1727e-002	
53	3,3378e-003	1,659e-002	-1,4624e-002	
54	-3,3378e-003	1,659e-002	-1,4624e-002	
55	-9,3523e-003	1,659e-002	-1,1727e-002	
56	-1,3515e-002	1,659e-002	-6,5083e-003	
57	-1,5e-002	0,	-1,837e-018	
58	-1,3515e-002	0,	-6,5083e-003	
59	-9,3523e-003	0,	-1,1727e-002	
60	-3,3378e-003	0,	-1,4624e-002	
61	3,3378e-003	0,	-1,4624e-002	
62	9,3523e-003	0,	-1,1727e-002	
63	1,3515e-002	0,	-6,5083e-003	
64	1,5e-002	0,	-5,2042e-018	
65	1,3515e-002	0,	6,5083e-003	
66	9,3523e-003	0,	1,1727e-002	
67	3,3378e-003	0,	1,4624e-002	
68	-3,3378e-003	0,	1,4624e-002	
69	-9,3523e-003	0,	1,1727e-002	
70	-1,3515e-002	0,	6,5083e-003	
71	-4,8908e-002	2,e-002	-3,4756e-002	
72	-4,5814e-002	2,e-002	-3,8743e-002	
73	-4,5814e-002	0,	-3,8743e-002	
74	-4,5814e-002	6,6667e-003	-3,8743e-002	
75	-4,5814e-002	1,3333e-002	-3,8743e-002	
76	-4,8908e-002	0,	-3,4756e-002	
77	-4,8908e-002	6,6667e-003	-3,4756e-002	
78	-4,8908e-002	1,3333e-002	-3,4756e-002	
79	-2,5218e-002	2,e-002	-1,8147e-002	
80	-4,1695e-002	2,e-002	-3,4624e-002	
81	-3,7576e-002	2,e-002	-3,0505e-002	
82	-3,3457e-002	2,e-002	-2,6386e-002	
83	-2,9338e-002	2,e-002	-2,2266e-002	
84	-2,5218e-002	0,	-1,8147e-002	
85	-2,5218e-002	6,6667e-003	-1,8147e-002	
86	-2,5218e-002	1,3333e-002	-1,8147e-002	
87	-2,9338e-002	0,	-2,2266e-002	
88	-3,3457e-002	0,	-2,6386e-002	
89	-3,7576e-002	0,	-3,0505e-002	
90	-4,1695e-002	0,	-3,4624e-002	
91	-1,8147e-002	2,e-002	-2,5218e-002	
92	-2,1683e-002	2,e-002	-2,1683e-002	
93	-1,8147e-002	0,	-2,5218e-002	
94	-1,8147e-002	6,6667e-003	-2,5218e-002	
95	-1,8147e-002	1,3333e-002	-2,5218e-002	
96	-2,1683e-002	0,	-2,1683e-002	
97	-3,8743e-002	2,e-002	-4,5814e-002	
98	-2,2266e-002	2,e-002	-2,9338e-002	
99	-2,6386e-002	2,e-002	-3,3457e-002	
100	-3,0505e-002	2,e-002	-3,7576e-002	
101	-3,4624e-002	2,e-002	-4,1695e-002	
102	-3,8743e-002	0,	-4,5814e-002	
103	-3,8743e-002	6,6667e-003	-4,5814e-002	
104	-3,8743e-002	1,3333e-002	-4,5814e-002	
105	-3,4624e-002	0,	-4,1695e-002	
106	-3,0505e-002	0,	-3,7576e-002	
107	-2,6386e-002	0,	-3,3457e-002	
108	-2,2266e-002	0,	-2,9338e-002	
109	-3,4756e-002	2,e-002	-4,8908e-002	
110	-3,4756e-002	0,	-4,8908e-002	
111	-3,4756e-002	6,6667e-003	-4,8908e-002	
112	-3,4756e-002	1,3333e-002	-4,8908e-002	
113	3,4756e-002	2,e-002	-4,8908e-002	
114	-2,9879e-002	2,e-002	-4,4763e-002	
115	-2,4513e-002	2,e-002	-4,1274e-002	
116	-1,8745e-002	2,e-002	-3,85e-002	
117	-1,267e-002	2,e-002	-3,6485e-002	
118	-6,3874e-003	2,e-002	-3,5262e-002	
119	1,0259e-016	2,e-002	-3,4853e-002	
120	6,3874e-003	2,e-002	-3,5262e-002	
121	1,267e-002	2,e-002	-3,6485e-002	
122	1,8745e-002	2,e-002	-3,85e-002	
123	2,4513e-002	2,e-002	-4,1274e-002	
124	2,9879e-002	2,e-002	-4,4763e-002	
125	3,4756e-002	0,	-4,8908e-002	
126	3,4756e-002	6,6667e-003	-4,8908e-002	
127	3,4756e-002	1,3333e-002	-4,8908e-002	
128	2,9879e-002	0,	-4,4763e-002	
129	2,4513e-002	0,	-4,1274e-002	
130	1,8745e-002	0,	-3,85e-002	
131	1,267e-002	0,	-3,6485e-002	
132	6,3874e-003	0,	-3,5262e-002	
133	5,4017e-017	0,	-3,4853e-002	
134	-6,3874e-003	0,	-3,5262e-002	
135	-1,267e-002	0,	-3,6485e-002	
136	-1,8745e-002	0,	-3,85e-002	
137	-2,4513e-002	0,	-4,1274e-002	
138	-2,9879e-002	0,	-4,4763e-002	
139	3,8743e-002	2,e-002	-4,5814e-002	
140	3,8743e-002	0,	-4,5814e-002	
141	3,8743e-002	6,6667e-003	-4,5814e-002	
142	3,8743e-002	1,3333e-002	-4,5814e-002	
143	1,8147e-002	2,e-002	-2,5218e-002	
144	3,4624e-002	2,e-002	-4,1695e-002	
145	3,0505e-002	2,e-002	-3,7576e-002	
146	2,6386e-002	2,e-002	-3,3457e-002	
147	2,2266e-002	2,e-002	-2,9338e-002	
148	1,8147e-002	0,	-2,5218e-002	
149	1,8147e-002	6,6667e-003	-2,5218e-002	
150	1,8147e-002	1,3333e-002	-2,5218e-002	
151	2,2266e-002	0,	-2,9338e-002	
152	2,6386e-002	0,	-3,3457e-002	
153	3,0505e-002	0,	-3,7576e-002	
154	3,4624e-002	0,	-4,1695e-002	
155	2,5218e-002	2,e-002	-1,8147e-002	
156	2,1683e-002	2,e-002	-2,1683e-002	
157	2,5218e-002	0,	-1,8147e-002	
158	2,5218e-002	6,6667e-003	-1,8147e-002	
159	2,5218e-002	1,3333e-002	-1,8147e-002	
160	2,1683e-002	0,	-2,1683e-002	
161	4,5814e-002	2,e-002	-3,8743e-002	
162	2,9338e-002	2,e-002	-2,2266e-002	
163	3,3457e-002	2,e-002	-2,6386e-002	
164	3,7576e-002	2,e-002	-3,0505e-002	
165	4,1695e-002	2,e-002	-3,4624e-002	
166	4,5814e-002	0,	-3,8743e-002	
167	4,5814e-002	6,6667e-003	-3,8743e-002	
168	4,5814e-002	1,3333e-002	-3,8743e-002	
169	4,1695e-002	0,	-3,4624e-002	
170	3,7576e-002	0,	-3,0505e-002	
171	3,3457e-002	0,	-2,6386e-002	
172	2,9338e-002	0,	-2,2266e-002	
173	4,8908e-002	2,e-002	-3,4756e-002	
174	4,8908e-002	0,	-3,4756e-002	
175	4,8908e-002	6,6667e-003	-3,4756e-002	
176	4,8908e-002	1,3333e-002	-3,4756e-002	
177	4,8908e-002	2,e-002	3,4756e-002	
178	4,4763e-002	2,e-002	-2,9879e-002	
179	4,1274e-002	2,e-002	-2,4513e-002	
180	3,85e-002	2,e-002	-1,8745e-002	
181	3,6485e-002	2,e-002	-1,267e-002	
182	3,5262e-002	2,e-002	-6,3874e-003	
183	3,4853e-002	2,e-002	-5,8981e-017	
184	3,5262e-002	2,e-002	6,3874e-003	
185	3,6485e-002	2,e-002	1,267e-002	
186	3,85e-002	2,e-002	1,8745e-002	
187	4,1274e-002	2,e-002	2,4513e-002	
188	4,4763e-002	2,e-002	2,9879e-002	
189	4,8908e-002	0,	3,4756e-002	
190	4,8908e-002	6,6667e-003	3,4756e-002	
191	4,8908e-002	1,3333e-002	3,4756e-002	
192	4,4763e-002	0,	2,9879e-002	
193	4,1274e-002	0,	2,4513e-002	
194	3,85e-002	0,	1,8745e-002	
195	3,6485e-002	0,	1,267e-002	
196	3,5262e-002	0,	6,3874e-003	
197	3,4853e-002	0,	6,245e-017	
198	3,5262e-002	0,	-6,3874e-003	
199	3,6485e-002	0,	-1,267e-002	
200	3,85e-002	0,	-1,8745e-002	
201	4,1274e-002	0,	-2,4513e-002	
202	4,4763e-002	0,	-2,9879e-002	
203	4,5814e-002	2,e-002	3,8743e-002	
204	4,5814e-002	0,	3,8743e-002	
205	4,5814e-002	6,6667e-003	3,8743e-002	
206	4,5814e-002	1,3333e-002	3,8743e-002	
207	2,5218e-002	2,e-002	1,8147e-002	
208	4,1695e-002	2,e-002	3,4624e-002	
209	3,7576e-002	2,e-002	3,0505e-002	
210	3,3457e-002	2,e-002	2,6386e-002	
211	2,9338e-002	2,e-002	2,2266e-002	
212	2,5218e-002	0,	1,8147e-002	
213	2,5218e-002	6,6667e-003	1,8147e-002	
214	2,5218e-002	1,3333e-002	1,8147e-002	
215	2,9338e-002	0,	2,2266e-002	
216	3,3457e-002	0,	2,6386e-002	
217	3,7576e-002	0,	3,0505e-002	
218	4,1695e-002	0,	3,4624e-002	
219	1,8147e-002	2,e-002	2,5218e-002	
220	2,1683e-002	2,e-002	2,1683e-002	
221	1,8147e-002	0,	2,5218e-002	
222	1,8147e-002	6,6667e-003	2,5218e-002	
223	1,8147e-002	1,3333e-002	2,5218e-002	
224	2,1683e-002	0,	2,1683e-002	
225	3,8743e-002	2,e-002	4,5814e-002	
226	2,2266e-002	2,e-002	2,9338e-002	
227	2,6386e-002	2,e-002	3,3457e-002	
228	3,0505e-002	2,e-002	3,7576e-002	
229	3,4624e-002	2,e-002	4,1695e-002	
230	3,8743e-002	0,	4,5814e-002	
231	3,8743e-002	6,6667e-003	4,5814e-002	
232	3,8743e-002	1,3333e-002	4,5814e-002	
233	3,4624e-002	0,	4,1695e-002	
234	3,0505e-002	0,	3,7576e-002	
235	2,6386e-002	0,	3,3457e-002	
236	2,2266e-002	0,	2,9338e-002	
237	3,4756e-002	2,e-002	4,8908e-002	
238	3,4756e-002	0,	4,8908e-002	
239	3,4756e-002	6,6667e-003	4,8908e-002	
240	3,4756e-002	1,3333e-002	4,8908e-002	
241	-3,4756e-002	2,e-002	4,8908e-002	
242	2,9879e-002	2,e-002	4,4763e-002	
243	2,4513e-002	2,e-002	4,1274e-002	
244	1,8745e-002	2,e-002	3,85e-002	
245	1,267e-002	2,e-002	3,6485e-002	
246	6,3874e-003	2,e-002	3,5262e-002	
247	-9,5651e-017	2,e-002	3,4853e-002	
248	-6,3874e-003	2,e-002	3,5262e-002	
249	-1,267e-002	2,e-002	3,6485e-002	
250	-1,8745e-002	2,e-002	3,85e-002	
251	-2,4513e-002	2,e-002	4,1274e-002	
252	-2,9879e-002	2,e-002	4,4763e-002	
253	-3,4756e-002	0,	4,8908e-002	
254	-3,4756e-002	6,6667e-003	4,8908e-002	
255	-3,4756e-002	1,3333e-002	4,8908e-002	
256	-2,9879e-002	0,	4,4763e-002	
257	-2,4513e-002	0,	4,1274e-002	
258	-1,8745e-002	0,	3,85e-002	
259	-1,267e-002	0,	3,6485e-002	
260	-6,3874e-003	0,	3,5262e-002	
261	1,1252e-016	0,	3,4853e-002	
262	6,3874e-003	0,	3,5262e-002	
263	1,267e-002	0,	3,6485e-002	
264	1,8745e-002	0,	3,85e-002	
265	2,4513e-002	0,	4,1274e-002	
266	2,9879e-002	0,	4,4763e-002	
267	-3,8743e-002	2,e-002	4,5814e-002	
268	-3,8743e-002	0,	4,5814e-002	
269	-3,8743e-002	6,6667e-003	4,5814e-002	
270	-3,8743e-002	1,3333e-002	4,5814e-002	
271	-1,8147e-002	2,e-002	2,5218e-002	
272	-3,4624e-002	2,e-002	4,1695e-002	
273	-3,0505e-002	2,e-002	3,7576e-002	
274	-2,6386e-002	2,e-002	3,3457e-002	
275	-2,2266e-002	2,e-002	2,9338e-002	
276	-1,8147e-002	0,	2,5218e-002	
277	-1,8147e-002	6,6667e-003	2,5218e-002	
278	-1,8147e-002	1,3333e-002	2,5218e-002	
279	-3,4624e-002	0,	4,1695e-002	
280	-3,0505e-002	0,	3,7576e-002	
281	-2,6386e-002	0,	3,3457e-002	
282	-2,2266e-002	0,	2,9338e-002	
283	-2,5218e-002	2,e-002	1,8147e-002	
284	-2,1683e-002	2,e-002	2,1683e-002	
285	-2,5218e-002	0,	1,8147e-002	
286	-2,5218e-002	6,6667e-003	1,8147e-002	
287	-2,5218e-002	1,3333e-002	1,8147e-002	
288	-2,1683e-002	0,	2,1683e-002	
289	-4,5814e-002	2,e-002	3,8743e-002	
290	-2,9338e-002	2,e-002	2,2266e-002	
291	-3,3457e-002	2,e-002	2,6386e-002	
292	-3,7576e-002	2,e-002	3,0505e-002	
293	-4,1695e-002	2,e-002	3,4624e-002	
294	-4,5814e-002	0,	3,8743e-002	
295	-4,5814e-002	6,6667e-003	3,8743e-002	
296	-4,5814e-002	1,3333e-002	3,8743e-002	
297	-2,9338e-002	0,	2,2266e-002	
298	-3,3457e-002	0,	2,6386e-002	
299	-3,7576e-002	0,	3,0505e-002	
300	-4,1695e-002	0,	3,4624e-002	
301	-4,8908e-002	2,e-002	3,4756e-002	
302	-4,8908e-002	0,	3,4756e-002	
303	-4,8908e-002	6,6667e-003	3,4756e-002	
304	-4,8908e-002	1,3333e-002	3,4756e-002	
305	-4,4763e-002	2,e-002	2,9879e-002	
306	-4,1274e-002	2,e-002	2,4513e-002	
307	-3,85e-002	2,e-002	1,8745e-002	
308	-3,6485e-002	2,e-002	1,267e-002	
309	-3,5262e-002	2,e-002	6,3874e-003	
310	-3,4853e-002	2,e-002	-4,8572e-017	
311	-3,5262e-002	2,e-002	-6,3874e-003	
312	-3,6485e-002	2,e-002	-1,267e-002	
313	-3,85e-002	2,e-002	-1,8745e-002	
314	-4,1274e-002	2,e-002	-2,4513e-002	
315	-4,4763e-002	2,e-002	-2,9879e-002	
316	-4,4763e-002	0,	-2,9879e-002	
317	-4,1274e-002	0,	-2,4513e-002	
318	-3,85e-002	0,	-1,8745e-002	
319	-3,6485e-002	0,	-1,267e-002	
320	-3,5262e-002	0,	-6,3874e-003	
321	-3,4853e-002	0,	1,1102e-016	
322	-3,5262e-002	0,	6,3874e-003	
323	-3,6485e-002	0,	1,267e-002	
324	-3,85e-002	0,	1,8745e-002	
325	-4,1274e-002	0,	2,4513e-002	
326	-4,4763e-002	0,	2,9879e-002	
327	2,4389e-002	0,	-6,4478e-003	
328	-2,4389e-002	0,	-6,4478e-003	
329	2,4389e-002	0,	6,4478e-003	
330	-2,4389e-002	0,	6,4478e-003	
331	6,3362e-003	0,	-2,3799e-002	
332	-6,7296e-003	0,	-2,4719e-002	
333	6,3362e-003	0,	2,3799e-002	
334	-6,7296e-003	0,	2,4719e-002	
335	-1,7005e-002	0,	-1,635e-002	
336	1,6949e-002	0,	-1,6219e-002	
337	-1,7005e-002	0,	1,635e-002	
338	1,6949e-002	0,	1,6219e-002	
339	1,3476e-002	2,e-002	2,9629e-002	
340	1,3476e-002	2,e-002	-2,9629e-002	
341	2,9753e-002	2,e-002	1,3089e-002	
342	2,9753e-002	2,e-002	-1,3089e-002	
343	-8,7677e-003	8,0506e-003	-1,2171e-002	
344	4,1564e-003	8,3198e-003	1,4413e-002	
345	-1,2108e-002	9,0688e-003	8,8538e-003	
346	1,2632e-002	7,7458e-003	8,0892e-003	
347	1,2108e-002	9,0688e-003	-8,8538e-003	
348	4,5441e-003	6,929e-003	-1,4295e-002	
349	-5,7361e-003	6,7665e-003	1,386e-002	
350	-1,4661e-002	8,0104e-003	-3,1688e-003	
351	-4,3278e-002	1,2988e-002	2,7776e-002	
352	-3,6958e-002	1,3915e-002	1,4357e-002	
353	-3,4883e-002	1,3856e-002	1,7308e-003	
354	-3,606e-002	1,3934e-002	-1,092e-002	
355	-3,9811e-002	1,3923e-002	-2,1707e-002	
356	-4,3471e-002	6,6961e-003	-2,8063e-002	
357	-3,6895e-002	6,6734e-003	-1,4143e-002	
358	-3,4854e-002	5,8857e-003	-2,9683e-004	
359	-3,6425e-002	5,9393e-003	1,244e-002	
360	-4,1122e-002	5,9126e-003	2,4241e-002	
361	-3,9399e-002	1,2107e-002	2,0832e-002	
362	-3,5606e-002	1,2103e-002	8,6476e-003	
363	-3,5032e-002	1,2032e-002	-4,2346e-003	
364	-4,3031e-002	1,2141e-002	-2,7403e-002	
365	-4,0134e-002	7,5655e-003	-2,2365e-002	
366	-3,5376e-002	7,4283e-003	-7,2153e-003	
367	-3,5226e-002	7,7155e-003	6,0996e-003	
368	-3,8389e-002	7,7176e-003	1,8469e-002	
369	2,7776e-002	1,2988e-002	4,3278e-002	
370	1,4357e-002	1,3915e-002	3,6958e-002	
371	1,7308e-003	1,3856e-002	3,4883e-002	
372	-1,092e-002	1,3934e-002	3,606e-002	
373	-2,1707e-002	1,3923e-002	3,9811e-002	
374	-2,8063e-002	6,6961e-003	4,3471e-002	
375	-1,4143e-002	6,6734e-003	3,6895e-002	
376	-2,9683e-004	5,8857e-003	3,4854e-002	
377	1,244e-002	5,9393e-003	3,6425e-002	
378	2,4241e-002	5,9126e-003	4,1122e-002	
379	2,0832e-002	1,2107e-002	3,9399e-002	
380	8,6476e-003	1,2103e-002	3,5606e-002	
381	-4,2346e-003	1,2032e-002	3,5032e-002	
382	-2,7403e-002	1,2141e-002	4,3031e-002	
383	-2,2365e-002	7,5655e-003	4,0134e-002	
384	-7,2153e-003	7,4283e-003	3,5376e-002	
385	6,0996e-003	7,7155e-003	3,5226e-002	
386	1,8469e-002	7,7176e-003	3,8389e-002	
387	4,3278e-002	1,2988e-002	-2,7776e-002	
388	3,6958e-002	1,3915e-002	-1,4357e-002	
389	3,4883e-002	1,3856e-002	-1,7308e-003	
390	3,606e-002	1,3934e-002	1,092e-002	
391	3,9811e-002	1,3923e-002	2,1707e-002	
392	4,3471e-002	6,6961e-003	2,8063e-002	
393	3,6895e-002	6,6734e-003	1,4143e-002	
394	3,4854e-002	5,8857e-003	2,9683e-004	
395	3,6425e-002	5,9393e-003	-1,244e-002	
396	4,1122e-002	5,9126e-003	-2,4241e-002	
397	3,9399e-002	1,2107e-002	-2,0832e-002	
398	3,5606e-002	1,2103e-002	-8,6476e-003	
399	3,5032e-002	1,2032e-002	4,2346e-003	
400	4,3031e-002	1,2141e-002	2,7403e-002	
401	4,0134e-002	7,5655e-003	2,2365e-002	
402	3,5376e-002	7,4283e-003	7,2153e-003	
403	3,5226e-002	7,7155e-003	-6,0996e-003	
404	3,8389e-002	7,7176e-003	-1,8469e-002	
405	-2,7776e-002	1,2988e-002	-4,3278e-002	
406	-1,4357e-002	1,3915e-002	-3,6958e-002	
407	-1,7308e-003	1,3856e-002	-3,4883e-002	
408	1,092e-002	1,3934e-002	-3,606e-002	
409	2,1707e-002	1,3923e-002	-3,9811e-002	
410	2,8063e-002	6,6961e-003	-4,3471e-002	
411	1,4143e-002	6,6734e-003	-3,6895e-002	
412	2,9683e-004	5,8857e-003	-3,4854e-002	
413	-1,244e-002	5,9393e-003	-3,6425e-002	
414	-2,4241e-002	5,9126e-003	-4,1122e-002	
415	-2,0832e-002	1,2107e-002	-3,9399e-002	
416	-8,6476e-003	1,2103e-002	-3,5606e-002	
417	4,2346e-003	1,2032e-002	-3,5032e-002	
418	2,7403e-002	1,2141e-002	-4,3031e-002	
419	2,2365e-002	7,5655e-003	-4,0134e-002	
420	7,2153e-003	7,4283e-003	-3,5376e-002	
421	-6,0996e-003	7,7155e-003	-3,5226e-002	
422	-1,8469e-002	7,7176e-003	-3,8389e-002	
423	-3,5516e-002	1,e-002	2,8445e-002	
424	-2,8445e-002	1,e-002	3,5516e-002	
425	2,8445e-002	1,e-002	3,5516e-002	
426	3,5516e-002	1,e-002	2,8445e-002	
427	3,5516e-002	1,e-002	-2,8445e-002	
428	2,8445e-002	1,e-002	-3,5516e-002	
429	-2,8445e-002	1,e-002	-3,5516e-002	
430	-3,5516e-002	1,e-002	-2,8445e-002	
431	-1,98e-003	1,0058e-002	2,1805e-002	
432	-1,1029e-002	8,4419e-003	1,7599e-002	
433	1,1161e-002	8,6832e-003	1,771e-002	
434	-1,0168e-002	1,1506e-002	2,9235e-002	
435	-6,9125e-004	1,5481e-002	2,8139e-002	
436	8,449e-003	6,2505e-003	3,0581e-002	
437	9,7398e-003	1,5823e-002	2,585e-002	
438	-2,1706e-002	9,3512e-003	5,2162e-004	
439	-1,8382e-002	1,4093e-002	3,3966e-002	
440	1,6473e-002	1,3257e-002	3,249e-002	
441	-2,858e-002	7,9599e-003	1,0892e-002	
442	3,0398e-002	9,0429e-003	1,284e-002	
443	2,1271e-002	8,8351e-003	9,0846e-005	
444	-1,9091e-002	9,2077e-003	-1,0274e-002	
445	-2,8454e-002	1,4883e-002	6,9734e-003	
446	-3,3345e-002	1,3712e-002	1,7061e-002	
447	2,6173e-002	1,5353e-002	8,0733e-003	
448	-2,8913e-002	1,2591e-002	-1,016e-002	
449	3,3913e-002	1,4454e-002	1,8101e-002	
450	2,9043e-002	1,2218e-002	-6,0582e-003	
451	1,414e-002	7,158e-003	-1,9157e-002	
452	-1,4611e-002	1,0496e-002	-1,8991e-002	
453	-5,3248e-003	8,7448e-003	-2,044e-002	
454	-1,316e-002	7,9409e-003	-2,9382e-002	
455	-3,3997e-002	1,4144e-002	-1,8453e-002	
456	3,3103e-002	6,0272e-003	-1,7907e-002	
457	1,1557e-002	6,994e-003	-2,9998e-002	
458	1,351e-003	1,1307e-002	-2,8805e-002	
459	-1,7488e-002	1,4577e-002	-3,2737e-002	
460	1,0312e-002	1,4993e-002	-2,668e-002	
461	1,8035e-002	1,3665e-002	-3,2704e-002	
462	2,0906e-002	8,9658e-003	1,0703e-002	
463	-3,0109e-002	6,9393e-003	1,0619e-003	
464	-3,3367e-002	5,6508e-003	1,9209e-002	
465	2,0895e-002	9,3233e-003	-1,0334e-002	
466	3,4364e-002	1,4984e-002	-1,9246e-002	
467	-1,9368e-002	5,8119e-003	-3,3414e-002	
468	-1,0549e-002	1,5577e-002	-2,5896e-002	
469	-2,8113e-002	1,5025e-002	-1,9002e-003	
470	-1,9221e-002	1,4732e-002	1,861e-002	
471	1,8945e-002	4,6e-003	3,3634e-002	
472	5,0024e-003	1,171e-002	-1,9421e-002	
473	-1,8663e-002	7,8677e-003	1,3501e-002	
474	3,979e-003	1,1827e-002	2,0352e-002	
475	-1,7347e-002	1,3158e-002	7,155e-003	
476	2,8813e-002	1,5223e-002	8,4861e-004	
477	3,3072e-004	7,6374e-003	2,9801e-002	
478	1,7393e-002	1,1801e-002	1,9297e-002	
479	-1,9262e-002	6,4922e-003	3,3187e-002	
480	3,3171e-002	6,4077e-003	1,9524e-002	
481	2,975e-002	4,7857e-003	-7,0425e-003	
482	2,9882e-002	3,7141e-003	6,8316e-003	
483	3,0871e-002	1,2182e-002	-1,2192e-002	
484	-3,0343e-002	5,2395e-003	-6,8194e-003	
485	-3,2925e-002	6,8136e-003	-1,9785e-002	
486	-5,7987e-003	4,4157e-003	-3,0309e-002	
487	2,1582e-002	4,4251e-003	-3,5249e-002	
488	8,0481e-003	1,1548e-002	3,0349e-002	
489	-8,1324e-003	1,2207e-002	-3,1335e-002	
