1.2212
1.2213
1.2295
1.2247
1.2214
1.2204
1.2186
1.2185
1.2161
1.2242
1.2255
1.2266
1.2197
1.2151
1.2143
1.2111
1.2136
1.2081
1.2101
1.2108
1.2120
1.2140
1.2115
1.2070
1.1928
1.1962
1.1913
1.1913
1.1888
1.1840
1.1853
1.1873
1.1852
1.1861
1.1853
1.1832
1.1804
1.1777
1.1814
1.1813
1.1872
1.1821
1.1722
1.1711
1.1640
1.1647
1.1674
1.1744
1.1795
1.1808
1.1859
1.1816
1.1861
1.1821
1.1766
1.1718
1.1706
1.1746
1.1744
1.1813
1.1824
1.1758
1.1760
1.1734
1.1781
1.1713
1.1747
1.1718
1.1742
1.1664
1.1630
1.1672
1.1659
1.1706
1.1769
1.1837
1.1847
1.1814
1.1845
1.1868
1.1845
1.1813
1.1802
1.1779
1.1817
1.1838
1.1849
1.1853
1.1910
1.1936
1.1903
1.1821
1.1829
1.1833
1.1787
1.1795
1.1859
1.1836
1.1929
1.1869
1.1841
1.1812
1.1782
1.1739
1.1736
1.1786
1.1875
1.1861
1.1800
1.1761
1.1774
1.1846
1.1790
1.1714
1.1751
1.1654
1.1594
1.1568
1.1526
1.1444
1.1426
1.1383
1.1410
1.1396
1.1340
1.1298
1.1281
1.1329
1.1270
1.1308
1.1248
1.1238
1.1250
1.1231
1.1240
1.1217
1.1217
1.1250
1.1306
1.1258
1.1175
1.1202
1.1243
1.1263
1.1322
1.1254
1.1297
1.1369
1.1340
1.1292
1.1284
1.1336
1.1232
1.1169
1.1134
1.1098
1.1076
1.1003
1.0980
1.0899
1.0900
1.0949
1.0977
1.0921
1.0912
1.0815
1.0804
1.0816
1.0846
1.0806
1.0840
1.0832
1.0794
1.0838
1.0906
1.0983
1.0955
1.0873
1.0818
1.0828
1.0820
1.0776
1.0822
1.0856
1.0862
1.0876
1.0835
1.0907
1.0979
1.0913
1.0935
1.0927
1.0856
1.0889
1.0791
1.0808
1.0856
1.0962
1.1029
1.1046
1.1140
1.1028
1.0880
1.0787
1.0721
1.0694
1.0690
1.0913
1.0996
1.1181
1.1105
1.1183
1.1267
1.1279
1.1447
1.1285
1.1239
1.1134
1.1171
1.1132
1.1025
1.0998
1.0879
1.0879
1.0852
1.0843
1.0783
1.0804
1.0791
1.0834
1.0830
1.0840
1.0871
1.0914
1.0909
1.0943
1.0980
1.0997
1.1042
1.1058
1.1093
1.1030
1.1009
1.1020
1.1016
1.1023
1.1052
1.1091
1.1082
1.1094
1.1088
1.1135
1.1149
1.1127
1.1133
1.1120
1.1105
1.1103
1.1151
1.1193
1.1158
1.1170
1.1210
1.1210
1.1197
1.1175
1.1096
1.1090
1.1087
1.1086
1.1078
1.1120
1.1111
1.1149
1.1142
1.1119
1.1128
1.1128
1.1092
1.1062
1.1057
1.1102
1.1076
1.1081
1.1077
1.1015
1.1007
1.0998
1.1018
1.1013
1.1022
1.1057
1.1072
1.1078
1.1070
1.1050
1.1021
1.1006
1.1007
1.1032
1.1016
1.1049
1.1065
1.1074
1.1126
1.1165
1.1150
1.1148
1.1110
1.1098
1.1078
1.1104
1.1129
1.1124
1.1148
1.1169
1.1122
1.1070
1.1031
1.1028
1.1040
1.1004
1.0969
1.0954
1.0970
1.0976
1.0964
1.0958
1.0930
1.0898
1.0938
1.0921
1.0941
1.1018
1.0991
1.1017
1.1040
1.1029
1.1071
1.1000
1.1073
1.1061
1.1009
1.1043
1.1046
1.1027
1.1033
1.1033
1.0972
1.0966
1.0989
1.1055
1.1077
1.1090
1.1100
1.1144
1.1078
1.1083
1.1099
1.1076
1.1089
1.1106
1.1138
1.1169
1.1212
1.1198
1.1178
1.1197
1.1198
1.1202
1.1107
1.1083
1.1074
1.1153
1.1144
1.1125
1.1145
1.1139
1.1151
1.1208
1.1220
1.1275
1.1223
1.1209
1.1257
1.1269
1.1252
1.1249
1.1206
1.1214
1.1224
1.1284
1.1277
1.1283
1.1285
1.1368
1.1368
1.1368
1.1365
1.1396
1.1366
1.1291
1.1224
1.1191
1.1217
1.1207
1.1275
1.1287
1.1329
1.1312
1.1331
1.1274
1.1219
1.1251
1.1240
1.1167
1.1130
1.1129
1.1160
1.1196
1.1202
1.1180
1.1152
1.1158
1.1170
1.1156
1.1172
1.1200
1.1203
1.1223
1.1233
1.1220
1.1191
1.1190
1.1197
1.1200
1.1176
1.1194
1.1215
1.1185
1.1148
1.1130
1.1152
1.1225
1.1255
1.1246
1.1229
1.1294
1.1280
1.1307
1.1300
1.1250
1.1273
1.1261
1.1259
1.1214
1.1220
1.1234
1.1202
1.1212
1.1217
1.1220
1.1247
1.1264
1.1311
1.1313
1.1373
1.1411
1.1349
1.1336
1.1325
1.1302
1.1325
1.1286
1.1247
1.1240
1.1194
1.1307
1.1308
1.1340
1.1377
1.1371
1.1369
1.1387
1.1359
1.1343
1.1336
1.1337
1.1341
1.1311
1.1295
1.1301
1.1267
1.1325
1.1276
1.1330
1.1341
1.1362
1.1415
1.1438
1.1456
1.1446
1.1479
1.1432
1.1434
1.1415
1.1306
1.1381
1.1359
1.1366
1.1363
1.1398
1.1400
1.1417
1.1477
1.1469
1.1500
1.1543
1.1442
1.1476
1.1395
1.1394
1.1343
1.1464
1.1470
1.1438
1.1430
1.1353
1.1362
1.1400
1.1369
1.1446
1.1377
1.1361
1.1347
1.1309
1.1363
1.1368
1.1316
1.1356
1.1378
1.1376
1.1344
1.1345
1.1354
1.1317
1.1393
1.1366
1.1288
1.1328
1.1341
1.1408
1.1385
1.1371
1.1453
1.1420
1.1328
1.1310
1.1291
1.1218
1.1336
1.1363
1.1426
1.1427
1.1407
1.1387
1.1409
1.1312
1.1344
1.1373
1.1403
1.1376
1.1392
1.1471
1.1465
1.1515
1.1453
1.1501
1.1575
1.1579
1.1563
1.1594
1.1520
1.1490
1.1492
1.1524
1.1515
1.1478
1.1548
1.1578
1.1609
1.1641
1.1740
1.1772
1.1748
1.1750
1.1777
1.1673
1.1667
1.1683
1.1630
1.1690
1.1626
1.1607
1.1594
1.1553
1.1622
1.1629
1.1582
1.1624
1.1601
1.1671
1.1708
1.1695
1.1678
1.1623
1.1539
1.1597
1.1571
1.1481
1.1439
1.1377
1.1345
1.1344
1.1409
1.1411
1.1527
1.1611
1.1599
1.1554
1.1567
1.1584
1.1660
1.1691
1.1706
1.1658
1.1643
1.1728
1.1686
1.1692
1.1720
1.1643
1.1639
1.1661
1.1710
1.1685
1.1672
1.1674
1.1744
1.1751
1.1747
1.1691
1.1656
1.1657
1.1641
1.1685
1.1569
1.1554
1.1647
1.1704
1.1657
1.1603
1.1572
1.1590
1.1623
1.1609
1.1569
1.1791
1.1745
1.1784
1.1768
1.1799
1.1773
1.1718
1.1699
1.1661
1.1692
1.1663
1.1540
1.1623
1.1652
1.1720
1.1697
1.1779
1.1791
1.1778
1.1795
1.1807
1.1838
1.1927
1.1944
1.1915
1.1850
1.1864
1.1922
1.1960
1.1988
1.1951
1.1993
1.2079
1.2130
1.2103
1.2161
1.2232
1.2209
1.2288
1.2346
1.2373
1.2370
1.2380
1.2331
1.2327
1.2367
1.2356
1.2321
1.2283
1.2240
1.2278
1.2270
1.2302
1.2323
1.2302
1.2308
1.2403
1.2443
1.2353
1.2302
1.2338
1.2242
1.2335
1.2289
1.2305
1.2367
1.2390
1.2334
1.2307
1.2312
1.2413
1.2404
1.2336
1.2317
1.2268
1.2194
1.2232
1.2318
1.2293
1.2331
1.2284
1.2338
1.2408
1.2406
1.2506
1.2450
1.2352
1.2292
1.2235
1.2247
1.2264
1.2377
1.2368
1.2462
1.2510
1.2421
1.2402
1.2383
1.2421
1.2396
1.2408
1.2299
1.2262
1.2222
1.2239
1.2186
1.2261
1.2263
1.2187
1.2032
1.1947
1.1937
1.1967
1.2030
1.2068
1.2014
1.2059
1.2010
1.1998
1.1943
1.1888
1.1859
1.1869
1.1859
1.1873
1.1871
1.1840
1.1782
1.1754
1.1778
1.1826
1.1742
1.1768
1.1764
1.1773
1.1796
1.1826
1.1866
1.1891
1.1904
1.1848
1.1841
1.1898
1.1930
1.1852
1.1822
1.1738
1.1732
1.1795
1.1770
1.1792
1.1798
1.1667
1.1665
1.1642
1.1595
1.1587
1.1610
1.1609
1.1658
1.1619
1.1646
1.1651
1.1610
1.1650
1.1813
1.1761
1.1749
1.1785
1.1852
1.1787
1.1766
1.1797
1.1823
1.1831
1.1859
1.1806
1.1740
1.1734
1.1711
1.1759
1.1744
1.1732
1.1814
1.1786
1.1744
1.1793
1.1848
1.1954
1.1941
1.1893
1.1994
1.1954
1.1943
1.1919
1.1886
1.1967
1.1953
1.2035
1.2023
1.1917
1.1914
1.1896
1.1859
1.1910
1.1883
1.1972
1.1979
1.1926
1.1799
1.1808
1.1762
1.1816
1.1762
1.1724
1.1770
1.1735
1.1780
1.1820
1.1772
1.1759
1.1750
1.1795
1.1772
1.1870
1.1856
1.1801
1.1842
1.1752
1.1677
1.1734
1.1652
1.1642
1.1663
1.1631
1.1515
1.1555
1.1479
1.1469
1.1399
1.1412
1.1467
1.1400
1.1401
1.1423
1.1353
1.1345
1.1364
1.1426
1.1441
1.1378
1.1339
1.1182
1.1194
1.1153
1.1168
1.1134
1.1149
1.1197
1.1145
1.1218
1.1216
1.1203
1.1195
1.1214
1.1257
1.1277
1.1254
1.1282
1.1213
1.1244
1.1185
1.1166
1.1183
1.1210
1.1219
1.1183
1.1238
1.1207
1.1103
1.1159
1.1082
1.0975
1.0931
1.0861
1.0868
1.0873
1.0924
1.0998
1.0985
1.0885
1.0930
1.0899
1.0897
1.0873
1.0903
1.0926
1.0867
1.0728
1.0717
1.0711
1.0734
1.0644
1.0612
1.0614
1.0666
1.0602
1.0596
1.0590
1.0644
1.0663
1.0673
1.0671
1.0652
1.0675
1.0767
1.0813
1.0865
1.0799
1.0783
1.0797
1.0811
1.0739
1.0738
1.0766
1.0735
1.0604
1.0654
1.0672
1.0577
1.0541
1.0566
1.0581
1.0623
1.0507
1.0547
1.0577
1.0587
1.0563
1.0581
1.0556
1.0537
1.0614
1.0614
1.0674
1.0601
1.0577
1.0598
1.0641
1.0656
1.0699
1.0681
1.0750
1.0784
1.0758
1.0769
1.0798
1.0695
1.0699
1.0682
1.0748
1.0731
1.0765
1.0703
1.0664
1.0631
1.0713
1.0603
1.0644
1.0613
1.0582
1.0554
1.0574
1.0533
1.0607
1.0488
1.0406
1.0459
1.0516
1.0492
1.0412
1.0457
1.0456
1.0457
1.0437
1.0425
1.0387
1.0402
1.0451
1.0414
1.0537
1.0627
1.0635
1.0562
1.0615
1.0753
1.0719
1.0764
1.0673
1.0662
1.0588
1.0650
1.0615
1.0587
1.0554
1.0560
1.0626
1.0629
1.0588
1.0626
1.0690
1.0722
1.0737
1.0856
1.0893
1.0909
1.1026
1.1040
1.1138
1.1105
1.1097
1.1056
1.0981
1.0987
1.0897
1.0909
1.0888
1.0883
1.0884
1.0930
1.0974
1.0981
1.0999
1.0971
1.1056
1.1008
1.1054
1.1138
1.1201
1.1151
1.1206
1.1204
1.1211
1.1241
1.1223
1.1216
1.1215
1.1254
1.1226
1.1208
1.1189
1.1155
1.1174
1.1155
1.1244
1.1250
1.1220
1.1234
1.1233
1.1261
1.1239
1.1256
1.1147
1.1156
1.1198
1.1158
1.1143
1.1189
1.1198
1.1283
1.1263
1.1306
1.1319
1.1326
1.1354
1.1288
1.1278
1.1184
1.1161
1.1137
1.1176
1.1119
1.1092
1.1086
1.1130
1.1149
1.1227
1.1162
1.1174
1.1075
1.1058
1.0987
1.0994
1.0976
1.1025
1.1015
1.1022
1.1074
1.1036
1.1120
1.1090
1.1059
1.1058
1.1054
1.1063
1.1099
1.1076
1.1156
1.1136
1.1105
1.1125
1.1067
1.1026
1.1117
1.1389
1.1297
1.1242
1.1314
1.1277
1.1226
1.1259
1.1208
1.1292
1.1251
1.1316
1.1394
1.1358
1.1355
1.1367
1.1151
1.1188
1.1132
1.1147
1.1115
1.1194
1.1155
1.1141
1.1219
1.1224
1.1203
1.1217
1.1314
1.1320
1.1308
1.1377
1.1427
1.1372
1.1383
1.1405
1.1405
1.1487
1.1497
1.1532
1.1456
1.1353
1.1321
1.1298
1.1266
1.1233
1.1288
1.1297
1.1358
1.1314
1.1283
1.1268
1.1274
1.1386
1.1408
1.1401
1.1377
1.1399
1.1384
1.1392
1.1387
1.1380
1.1338
1.1291
1.1196
1.1166
1.1174
1.1184
1.1217
1.1241
1.1270
1.1319
1.1225
1.1109
1.1106
1.1153
1.1177
1.0999
1.1011
1.1014
1.1004
1.0957
1.0868
1.0867
1.0873
1.0934
1.1023
1.1013
1.1020
1.1029
1.1134
1.1107
1.1128
1.1144
1.1155
1.1260
1.1324
1.1290
1.1293
1.1198
1.1159
1.1208
1.1104
1.0919
1.0888
1.0837
1.0939
1.0893
1.0871
1.0849
1.0797
1.0874
1.0891
1.0909
1.0892
1.0917
1.0865
1.0877
1.0857
1.0860
1.0932
1.0936
1.0781
1.0748
1.0831
1.0860