-0.301729
0.0782009
-0.0312341
-0.257871
-0.778997
0.186631
0.401562
0.115539
0.178886
-0.141662
0.38666
0.423494
-0.0421023
0.000132316
-0.241651
0.110165
0.232537
-0.272829
0.285121
0.687056
0.313479
0.627491
-0.0130571
-0.353928
0.207374
0.514024
0.0997447
-0.119139
-0.163182
-0.270569
0.274002
-0.0781945
-0.138568
-0.0903744
0.0398554
0.324121
-0.258267
-0.358537
-0.0900285
-0.131533
-0.185387
0.168052
0.447762
0.141013
0.171909
0.132834
-0.379228
-0.0230268
-0.247606
-0.52485
0.235629
0.185247
0.403331
-0.332258
0.431396
-0.279049
0.421642
0.399491
-0.111504
-0.485571
-0.0738882
-0.123568
-0.200082
0.293789
-0.221277
-0.271154
-0.190672
0.0520772
0.00360123
-0.263781
-0.300836
-0.235365
0.840452
-0.0852163
0.220402
-0.50595
0.165821
-0.240566
-0.381912
0.455359
-0.426252
-0.00766957
0.0302682
-0.095107
0.0529846
0.380268
-0.0297733
-0.0370567
0.181142
-0.104269
0.123394
0.170129
0.0693253
0.114155
0.0527636
0.0384786
-0.530284
0.313452
-0.170922
0.352072
