Подходящие размеры частей:0.35
Матрица температур:
15.205  20.0    20.0    20.0    20.0    20.0    20.0    20.0    20.0    20.0    20.0    20.0    20.0    20.0    38.421  
15.229  20.045  20.05   20.05   20.05   20.05   20.05   20.05   20.05   20.05   20.05   20.05   20.05   20.07   38.491  
15.252  20.09   20.1    20.1    20.1    20.1    20.1    20.1    20.1    20.1    20.1    20.1    20.1    20.14   38.561  
15.275  20.134  20.15   20.15   20.15   20.15   20.15   20.15   20.15   20.15   20.15   20.15   20.15   20.21   38.631  
15.299  20.179  20.2    20.2    20.2    20.2    20.2    20.2    20.2    20.2    20.2    20.2    20.2    20.28   38.701  
15.322  20.224  20.25   20.25   20.25   20.25   20.25   20.25   20.25   20.25   20.25   20.25   20.25   20.35   38.771  
15.345  20.269  20.3    20.3    20.3    20.3    20.3    20.3    20.3    20.3    20.3    20.3    20.3    20.42   38.841  
15.369  20.313  20.35   20.35   20.35   20.35   20.35   20.35   20.35   20.35   20.35   20.35   20.35   20.49   38.911  
15.392  20.358  20.4    20.4    20.4    20.4    20.4    20.4    20.4    20.4    20.4    20.4    20.401  20.559  38.98   
15.415  20.403  20.45   20.45   20.45   20.45   20.45   20.45   20.45   20.45   20.45   20.45   20.451  20.629  39.05   
15.438  20.447  20.5    20.5    20.5    20.5    20.5    20.5    20.5    20.5    20.5    20.5    20.501  20.699  39.12   
15.461  20.492  20.55   20.55   20.55   20.55   20.55   20.55   20.55   20.55   20.55   20.55   20.551  20.769  39.19   
15.485  20.536  20.6    20.6    20.6    20.6    20.6    20.6    20.6    20.6    20.6    20.6    20.601  20.839  39.26   
15.508  20.581  20.65   20.65   20.65   20.65   20.65   20.65   20.65   20.65   20.65   20.65   20.652  20.908  39.329  
15.531  20.626  20.699  20.7    20.7    20.7    20.7    20.7    20.7    20.7    20.7    20.7    20.702  20.978  39.399  
15.554  20.67   20.749  20.75   20.75   20.75   20.75   20.75   20.75   20.75   20.75   20.75   20.752  21.048  39.469  
15.577  20.715  20.799  20.8    20.8    20.8    20.8    20.8    20.8    20.8    20.8    20.8    20.803  21.117  39.538  
15.601  20.759  20.849  20.85   20.85   20.85   20.85   20.85   20.85   20.85   20.85   20.85   20.853  21.187  39.608  
15.624  20.804  20.899  20.9    20.9    20.9    20.9    20.9    20.9    20.9    20.9    20.9    20.903  21.257  39.678  
15.647  20.848  20.949  20.95   20.95   20.95   20.95   20.95   20.95   20.95   20.95   20.95   20.954  21.326  39.747  
15.67   20.893  20.999  21.0    21.0    21.0    21.0    21.0    21.0    21.0    21.0    21.0    21.004  21.396  39.817  
15.693  20.937  21.049  21.05   21.05   21.05   21.05   21.05   21.05   21.05   21.05   21.05   21.054  21.465  39.886  
15.716  20.981  21.099  21.1    21.1    21.1    21.1    21.1    21.1    21.1    21.1    21.1    21.105  21.535  39.956  
15.739  21.026  21.149  21.15   21.15   21.15   21.15   21.15   21.15   21.15   21.15   21.15   21.155  21.605  40.026  
15.763  21.07   21.198  21.2    21.2    21.2    21.2    21.2    21.2    21.2    21.2    21.2    21.206  21.674  40.095  
15.786  21.115  21.248  21.25   21.25   21.25   21.25   21.25   21.25   21.25   21.25   21.25   21.256  21.744  40.165  
15.809  21.159  21.298  21.3    21.3    21.3    21.3    21.3    21.3    21.3    21.3    21.3    21.307  21.813  40.234  
15.832  21.203  21.348  21.35   21.35   21.35   21.35   21.35   21.35   21.35   21.35   21.35   21.357  21.882  40.303  
15.855  21.248  21.398  21.4    21.4    21.4    21.4    21.4    21.4    21.4    21.4    21.4    21.408  21.952  40.373  
15.878  21.292  21.448  21.45   21.45   21.45   21.45   21.45   21.45   21.45   21.45   21.45   21.459  22.021  40.442  
15.901  21.336  21.498  21.5    21.5    21.5    21.5    21.5    21.5    21.5    21.5    21.5    21.509  22.091  40.512  
15.924  21.381  21.547  21.55   21.55   21.55   21.55   21.55   21.55   21.55   21.55   21.55   21.56   22.16   40.581  
15.947  21.425  21.597  21.6    21.6    21.6    21.6    21.6    21.6    21.6    21.6    21.6    21.61   22.229  40.65   
15.97   21.469  21.647  21.65   21.65   21.65   21.65   21.65   21.65   21.65   21.65   21.65   21.661  22.299  40.72   
15.993  21.513  21.697  21.7    21.7    21.7    21.7    21.7    21.7    21.7    21.7    21.7    21.712  22.368  40.789  
16.016  21.557  21.747  21.75   21.75   21.75   21.75   21.75   21.75   21.75   21.75   21.75   21.762  22.437  40.858  
16.039  21.602  21.796  21.8    21.8    21.8    21.8    21.8    21.8    21.8    21.8    21.8    21.813  22.507  40.928  
16.062  21.646  21.846  21.85   21.85   21.85   21.85   21.85   21.85   21.85   21.85   21.85   21.864  22.576  40.997  
16.085  21.69   21.896  21.9    21.9    21.9    21.9    21.9    21.9    21.9    21.9    21.9    21.915  22.645  41.066  
16.108  21.734  21.946  21.95   21.95   21.95   21.95   21.95   21.95   21.95   21.95   21.95   21.965  22.714  41.135  
16.131  21.778  21.996  22.0    22.0    22.0    22.0    22.0    22.0    22.0    22.0    22.0    22.016  22.783  41.204  
16.154  21.822  22.045  22.05   22.05   22.05   22.05   22.05   22.05   22.05   22.05   22.05   22.067  22.853  41.274  
16.177  21.866  22.095  22.1    22.1    22.1    22.1    22.1    22.1    22.1    22.1    22.1    22.118  22.922  41.343  
16.2    21.911  22.145  22.15   22.15   22.15   22.15   22.15   22.15   22.15   22.15   22.15   22.169  22.991  41.412  
16.223  21.955  22.195  22.2    22.2    22.2    22.2    22.2    22.2    22.2    22.2    22.2    22.22   23.06   41.481  
16.246  21.999  22.244  22.25   22.25   22.25   22.25   22.25   22.25   22.25   22.25   22.25   22.271  23.129  41.55   
16.269  22.043  22.294  22.3    22.3    22.3    22.3    22.3    22.3    22.3    22.3    22.3    22.321  23.198  41.619  
16.292  22.087  22.344  22.35   22.35   22.35   22.35   22.35   22.35   22.35   22.35   22.35   22.372  23.267  41.688  
16.315  22.131  22.394  22.4    22.4    22.4    22.4    22.4    22.4    22.4    22.4    22.4    22.423  23.336  41.757  
16.337  22.175  22.443  22.45   22.45   22.45   22.45   22.45   22.45   22.45   22.45   22.45   22.474  23.405  41.826  
16.36   22.219  22.493  22.5    22.5    22.5    22.5    22.5    22.5    22.5    22.5    22.5    22.525  23.474  41.895  
16.383  22.262  22.543  22.55   22.55   22.55   22.55   22.55   22.55   22.55   22.55   22.55   22.576  23.543  41.964  
16.406  22.306  22.592  22.6    22.6    22.6    22.6    22.6    22.6    22.6    22.6    22.6    22.627  23.612  42.033  
16.429  22.35   22.642  22.65   22.65   22.65   22.65   22.65   22.65   22.65   22.65   22.651  22.678  23.681  42.102  
16.452  22.394  22.692  22.7    22.7    22.7    22.7    22.7    22.7    22.7    22.7    22.701  22.729  23.75   42.171  
16.475  22.438  22.741  22.75   22.75   22.75   22.75   22.75   22.75   22.75   22.75   22.751  22.78   23.819  42.24   
16.497  22.482  22.791  22.8    22.8    22.8    22.8    22.8    22.8    22.8    22.8    22.801  22.832  23.888  42.309  
16.52   22.526  22.841  22.85   22.85   22.85   22.85   22.85   22.85   22.85   22.85   22.851  22.883  23.957  42.378  
16.543  22.57   22.89   22.9    22.9    22.9    22.9    22.9    22.9    22.9    22.9    22.901  22.934  24.025  42.446  
16.566  22.613  22.94   22.95   22.95   22.95   22.95   22.95   22.95   22.95   22.95   22.951  22.985  24.094  42.515  
16.589  22.657  22.99   23.0    23.0    23.0    23.0    23.0    23.0    23.0    23.0    23.001  23.036  24.163  42.584  
16.611  22.701  23.039  23.05   23.05   23.05   23.05   23.05   23.05   23.05   23.05   23.051  23.087  24.232  42.653  
16.634  22.745  23.089  23.1    23.1    23.1    23.1    23.1    23.1    23.1    23.1    23.101  23.138  24.3    42.722  
16.657  22.788  23.139  23.15   23.15   23.15   23.15   23.15   23.15   23.15   23.15   23.151  23.19   24.369  42.79   
16.68   22.832  23.188  23.2    23.2    23.2    23.2    23.2    23.2    23.2    23.2    23.201  23.241  24.438  42.859  
16.703  22.876  23.238  23.25   23.25   23.25   23.25   23.25   23.25   23.25   23.25   23.251  23.292  24.507  42.928  
16.725  22.92   23.288  23.3    23.3    23.3    23.3    23.3    23.3    23.3    23.3    23.301  23.343  24.575  42.996  
16.748  22.963  23.337  23.35   23.35   23.35   23.35   23.35   23.35   23.35   23.35   23.351  23.395  24.644  43.065  
16.771  23.007  23.387  23.4    23.4    23.4    23.4    23.4    23.4    23.4    23.4    23.401  23.446  24.713  43.134  
16.793  23.051  23.436  23.45   23.45   23.45   23.45   23.45   23.45   23.45   23.45   23.451  23.497  24.781  43.202  
16.816  23.094  23.486  23.5    23.5    23.5    23.5    23.5    23.5    23.5    23.5    23.501  23.549  24.85   43.271  
16.839  23.138  23.536  23.55   23.55   23.55   23.55   23.55   23.55   23.55   23.55   23.551  23.6    24.918  43.339  
16.862  23.181  23.585  23.6    23.6    23.6    23.6    23.6    23.6    23.6    23.6    23.601  23.651  24.987  43.408  
16.884  23.225  23.635  23.65   23.65   23.65   23.65   23.65   23.65   23.65   23.65   23.651  23.703  25.056  43.477  
16.907  23.269  23.684  23.7    23.7    23.7    23.7    23.7    23.7    23.7    23.7    23.701  23.754  25.124  43.545  
16.93   23.312  23.734  23.75   23.75   23.75   23.75   23.75   23.75   23.75   23.75   23.751  23.806  25.193  43.614  
16.952  23.356  23.783  23.8    23.8    23.8    23.8    23.8    23.8    23.8    23.8    23.802  23.857  25.261  43.682  
16.975  23.399  23.833  23.85   23.85   23.85   23.85   23.85   23.85   23.85   23.85   23.852  23.909  25.33   43.751  
16.998  23.443  23.883  23.9    23.9    23.9    23.9    23.9    23.9    23.9    23.9    23.902  23.96   25.398  43.819  
17.02   23.486  23.932  23.95   23.95   23.95   23.95   23.95   23.95   23.95   23.95   23.952  24.012  25.466  43.887  
17.043  23.53   23.982  24.0    24.0    24.0    24.0    24.0    24.0    24.0    24.0    24.002  24.063  25.535  43.956  
17.065  23.573  24.031  24.049  24.05   24.05   24.05   24.05   24.05   24.05   24.05   24.052  24.115  25.603  44.024  
17.088  23.616  24.081  24.099  24.1    24.1    24.1    24.1    24.1    24.1    24.1    24.102  24.166  25.672  44.093  
17.111  23.66   24.13   24.149  24.15   24.15   24.15   24.15   24.15   24.15   24.15   24.152  24.218  25.74   44.161  
17.133  23.703  24.18   24.199  24.2    24.2    24.2    24.2    24.2    24.2    24.2    24.202  24.269  25.808  44.229  
17.156  23.747  24.229  24.249  24.25   24.25   24.25   24.25   24.25   24.25   24.25   24.252  24.321  25.877  44.298  
17.178  23.79   24.279  24.299  24.3    24.3    24.3    24.3    24.3    24.3    24.3    24.302  24.373  25.945  44.366  
17.201  23.833  24.328  24.349  24.35   24.35   24.35   24.35   24.35   24.35   24.35   24.352  24.424  26.013  44.434  
17.223  23.877  24.378  24.399  24.4    24.4    24.4    24.4    24.4    24.4    24.4    24.402  24.476  26.082  44.503  
17.246  23.92   24.427  24.449  24.45   24.45   24.45   24.45   24.45   24.45   24.45   24.452  24.528  26.15   44.571  
17.269  23.963  24.477  24.499  24.5    24.5    24.5    24.5    24.5    24.5    24.5    24.502  24.579  26.218  44.639  
17.291  24.007  24.526  24.549  24.55   24.55   24.55   24.55   24.55   24.55   24.55   24.553  24.631  26.286  44.707  
17.314  24.05   24.576  24.599  24.6    24.6    24.6    24.6    24.6    24.6    24.6    24.603  24.683  26.354  44.775  
17.336  24.093  24.625  24.649  24.65   24.65   24.65   24.65   24.65   24.65   24.65   24.653  24.734  26.423  44.844  
17.359  24.136  24.674  24.699  24.7    24.7    24.7    24.7    24.7    24.7    24.7    24.703  24.786  26.491  44.912  
17.381  24.18   24.724  24.749  24.75   24.75   24.75   24.75   24.75   24.75   24.75   24.753  24.838  26.559  44.98   
17.404  24.223  24.773  24.799  24.8    24.8    24.8    24.8    24.8    24.8    24.8    24.803  24.89   26.627  45.048  
17.426  24.266  24.823  24.849  24.85   24.85   24.85   24.85   24.85   24.85   24.85   24.853  24.941  26.695  45.116  
17.449  24.309  24.872  24.899  24.9    24.9    24.9    24.9    24.9    24.9    24.9    24.903  24.993  26.763  45.184  
17.471  24.352  24.922  24.949  24.95   24.95   24.95   24.95   24.95   24.95   24.95   24.953  25.045  26.831  45.252  
17.494  24.396  24.971  24.999  25.0    25.0    25.0    25.0    25.0    25.0    25.0    25.003  25.097  26.899  45.32   
17.516  24.439  25.02   25.049  25.05   25.05   25.05   25.05   25.05   25.05   25.05   25.053  25.149  26.967  45.388  
