Node Number	X Location (m)	Y Location (m)	Z Location (m)	
1	0,	0,2	0,	
2	0,	0,	0,	
3	0,	0,18182	0,	
4	0,	0,16364	0,	
5	0,	0,14545	0,	
6	0,	0,12727	0,	
7	0,	0,10909	0,	
8	0,	9,0909e-002	0,	
9	0,	7,2727e-002	0,	
10	0,	5,4545e-002	0,	
11	0,	3,6364e-002	0,	
12	0,	1,8182e-002	0,	
13	0,	0,	0,165	
14	0,	0,	0,14667	
15	0,	0,	0,12833	
16	0,	0,	0,11	
17	0,	0,	9,1667e-002	
18	0,	0,	7,3333e-002	
19	0,	0,	5,5e-002	
20	0,	0,	3,6667e-002	
21	0,	0,	1,8333e-002	
22	0,	0,2	0,165	
23	0,	0,18182	0,165	
24	0,	0,16364	0,165	
25	0,	0,14545	0,165	
26	0,	0,12727	0,165	
27	0,	0,10909	0,165	
28	0,	9,0909e-002	0,165	
29	0,	7,2727e-002	0,165	
30	0,	5,4545e-002	0,165	
31	0,	3,6364e-002	0,165	
32	0,	1,8182e-002	0,165	
33	0,	0,2	0,14667	
34	0,	0,2	0,12833	
35	0,	0,2	0,11	
36	0,	0,2	9,1667e-002	
37	0,	0,2	7,3333e-002	
38	0,	0,2	5,5e-002	
39	0,	0,2	3,6667e-002	
40	0,	0,2	1,8333e-002	
41	0,3	0,	0,	
42	1,875e-002	0,	0,	
43	3,75e-002	0,	0,	
44	5,625e-002	0,	0,	
45	7,5e-002	0,	0,	
46	9,375e-002	0,	0,	
47	0,1125	0,	0,	
48	0,13125	0,	0,	
49	0,15	0,	0,	
50	0,16875	0,	0,	
51	0,1875	0,	0,	
52	0,20625	0,	0,	
53	0,225	0,	0,	
54	0,24375	0,	0,	
55	0,2625	0,	0,	
56	0,28125	0,	0,	
57	0,3	0,	0,165	
58	0,3	0,	0,14667	
59	0,3	0,	0,12833	
60	0,3	0,	0,11	
61	0,3	0,	9,1667e-002	
62	0,3	0,	7,3333e-002	
63	0,3	0,	5,5e-002	
64	0,3	0,	3,6667e-002	
65	0,3	0,	1,8333e-002	
66	1,875e-002	0,	0,165	
67	3,75e-002	0,	0,165	
68	5,625e-002	0,	0,165	
69	7,5e-002	0,	0,165	
70	9,375e-002	0,	0,165	
71	0,1125	0,	0,165	
72	0,13125	0,	0,165	
73	0,15	0,	0,165	
74	0,16875	0,	0,165	
75	0,1875	0,	0,165	
76	0,20625	0,	0,165	
77	0,225	0,	0,165	
78	0,24375	0,	0,165	
79	0,2625	0,	0,165	
80	0,28125	0,	0,165	
81	0,3	0,2	0,	
82	0,3	1,8182e-002	0,	
83	0,3	3,6364e-002	0,	
84	0,3	5,4545e-002	0,	
85	0,3	7,2727e-002	0,	
86	0,3	9,0909e-002	0,	
87	0,3	0,10909	0,	
88	0,3	0,12727	0,	
89	0,3	0,14545	0,	
90	0,3	0,16364	0,	
91	0,3	0,18182	0,	
92	0,3	0,2	0,165	
93	0,3	0,2	0,14667	
94	0,3	0,2	0,12833	
95	0,3	0,2	0,11	
96	0,3	0,2	9,1667e-002	
97	0,3	0,2	7,3333e-002	
98	0,3	0,2	5,5e-002	
99	0,3	0,2	3,6667e-002	
100	0,3	0,2	1,8333e-002	
101	0,3	1,8182e-002	0,165	
102	0,3	3,6364e-002	0,165	
103	0,3	5,4545e-002	0,165	
104	0,3	7,2727e-002	0,165	
105	0,3	9,0909e-002	0,165	
106	0,3	0,10909	0,165	
107	0,3	0,12727	0,165	
108	0,3	0,14545	0,165	
109	0,3	0,16364	0,165	
110	0,3	0,18182	0,165	
111	0,28125	0,2	0,	
112	0,2625	0,2	0,	
113	0,24375	0,2	0,	
114	0,225	0,2	0,	
115	0,20625	0,2	0,	
116	0,1875	0,2	0,	
117	0,16875	0,2	0,	
118	0,15	0,2	0,	
119	0,13125	0,2	0,	
120	0,1125	0,2	0,	
121	9,375e-002	0,2	0,	
122	7,5e-002	0,2	0,	
123	5,625e-002	0,2	0,	
124	3,75e-002	0,2	0,	
125	1,875e-002	0,2	0,	
126	0,28125	0,2	0,165	
127	0,2625	0,2	0,165	
128	0,24375	0,2	0,165	
129	0,225	0,2	0,165	
130	0,20625	0,2	0,165	
131	0,1875	0,2	0,165	
132	0,16875	0,2	0,165	
133	0,15	0,2	0,165	
134	0,13125	0,2	0,165	
135	0,1125	0,2	0,165	
136	9,375e-002	0,2	0,165	
137	7,5e-002	0,2	0,165	
138	5,625e-002	0,2	0,165	
139	3,75e-002	0,2	0,165	
140	1,875e-002	0,2	0,165	
141	0,263	0,18	0,	
142	0,2615	0,1826	0,	
143	0,2585	0,1826	0,	
144	0,257	0,18	0,	
145	0,2585	0,1774	0,	
146	0,2615	0,1774	0,	
147	0,283	4,e-002	0,	
148	0,2815	4,2598e-002	0,	
149	0,2785	4,2598e-002	0,	
150	0,277	4,e-002	0,	
151	0,2785	3,7402e-002	0,	
152	0,2815	3,7402e-002	0,	
153	2,3e-002	4,e-002	0,	
154	2,15e-002	4,2598e-002	0,	
155	1,85e-002	4,2598e-002	0,	
156	1,7e-002	4,e-002	0,	
157	1,85e-002	3,7402e-002	0,	
158	2,15e-002	3,7402e-002	0,	
159	2,3e-002	2,e-002	0,	
160	2,15e-002	2,2598e-002	0,	
161	1,85e-002	2,2598e-002	0,	
162	1,7e-002	2,e-002	0,	
163	1,85e-002	1,7402e-002	0,	
164	2,15e-002	1,7402e-002	0,	
165	0,283	0,18	0,	
166	0,2815	0,1826	0,	
167	0,2785	0,1826	0,	
168	0,277	0,18	0,	
169	0,2785	0,1774	0,	
170	0,2815	0,1774	0,	
171	4,3e-002	2,e-002	0,	
172	4,15e-002	2,2598e-002	0,	
173	3,85e-002	2,2598e-002	0,	
174	3,7e-002	2,e-002	0,	
175	3,85e-002	1,7402e-002	0,	
176	4,15e-002	1,7402e-002	0,	
177	0,263	2,e-002	0,	
178	0,2615	2,2598e-002	0,	
179	0,2585	2,2598e-002	0,	
180	0,257	2,e-002	0,	
181	0,2585	1,7402e-002	0,	
182	0,2615	1,7402e-002	0,	
183	4,3e-002	4,e-002	0,	
184	4,15e-002	4,2598e-002	0,	
185	3,85e-002	4,2598e-002	0,	
186	3,7e-002	4,e-002	0,	
187	3,85e-002	3,7402e-002	0,	
188	4,15e-002	3,7402e-002	0,	
189	0,263	0,16	0,	
190	0,2615	0,1626	0,	
191	0,2585	0,1626	0,	
192	0,257	0,16	0,	
193	0,2585	0,1574	0,	
194	0,2615	0,1574	0,	
195	2,3e-002	0,18	0,	
196	2,15e-002	0,1826	0,	
197	1,85e-002	0,1826	0,	
198	1,7e-002	0,18	0,	
199	1,85e-002	0,1774	0,	
200	2,15e-002	0,1774	0,	
201	0,263	4,e-002	0,	
202	0,2615	4,2598e-002	0,	
203	0,2585	4,2598e-002	0,	
204	0,257	4,e-002	0,	
205	0,2585	3,7402e-002	0,	
206	0,2615	3,7402e-002	0,	
207	2,3e-002	0,16	0,	
208	2,15e-002	0,1626	0,	
209	1,85e-002	0,1626	0,	
210	1,7e-002	0,16	0,	
211	1,85e-002	0,1574	0,	
212	2,15e-002	0,1574	0,	
213	0,283	0,16	0,	
214	0,2815	0,1626	0,	
215	0,2785	0,1626	0,	
216	0,277	0,16	0,	
217	0,2785	0,1574	0,	
218	0,2815	0,1574	0,	
219	4,3e-002	0,16	0,	
220	4,15e-002	0,1626	0,	
221	3,85e-002	0,1626	0,	
222	3,7e-002	0,16	0,	
223	3,85e-002	0,1574	0,	
224	4,15e-002	0,1574	0,	
225	0,283	2,e-002	0,	
226	0,2815	2,2598e-002	0,	
227	0,2785	2,2598e-002	0,	
228	0,277	2,e-002	0,	
229	0,2785	1,7402e-002	0,	
230	0,2815	1,7402e-002	0,	
231	4,3e-002	0,18	0,	
232	4,15e-002	0,1826	0,	
233	3,85e-002	0,1826	0,	
234	3,7e-002	0,18	0,	
235	3,85e-002	0,1774	0,	
236	4,15e-002	0,1774	0,	
237	1,e-002	1,e-002	0,165	
238	1,e-002	1,e-002	1,5e-002	
239	1,e-002	1,e-002	0,14625	
240	1,e-002	1,e-002	0,1275	
241	1,e-002	1,e-002	0,10875	
242	1,e-002	1,e-002	9,e-002	
243	1,e-002	1,e-002	7,125e-002	
244	1,e-002	1,e-002	5,25e-002	
245	1,e-002	1,e-002	3,375e-002	
246	1,e-002	0,19	1,5e-002	
247	1,e-002	2,8e-002	1,5e-002	
248	1,e-002	4,6e-002	1,5e-002	
249	1,e-002	6,4e-002	1,5e-002	
250	1,e-002	8,2e-002	1,5e-002	
251	1,e-002	0,1	1,5e-002	
252	1,e-002	0,118	1,5e-002	
253	1,e-002	0,136	1,5e-002	
254	1,e-002	0,154	1,5e-002	
255	1,e-002	0,172	1,5e-002	
256	1,e-002	0,19	0,165	
257	1,e-002	0,19	0,14625	
258	1,e-002	0,19	0,1275	
259	1,e-002	0,19	0,10875	
260	1,e-002	0,19	9,e-002	
261	1,e-002	0,19	7,125e-002	
262	1,e-002	0,19	5,25e-002	
263	1,e-002	0,19	3,375e-002	
264	1,e-002	0,172	0,165	
265	1,e-002	0,154	0,165	
266	1,e-002	0,136	0,165	
267	1,e-002	0,118	0,165	
268	1,e-002	0,1	0,165	
269	1,e-002	8,2e-002	0,165	
270	1,e-002	6,4e-002	0,165	
271	1,e-002	4,6e-002	0,165	
272	1,e-002	2,8e-002	0,165	
273	0,29	0,19	1,5e-002	
274	2,8667e-002	0,19	1,5e-002	
275	4,7333e-002	0,19	1,5e-002	
276	6,6e-002	0,19	1,5e-002	
277	8,4667e-002	0,19	1,5e-002	
278	0,10333	0,19	1,5e-002	
279	0,122	0,19	1,5e-002	
280	0,14067	0,19	1,5e-002	
281	0,15933	0,19	1,5e-002	
282	0,178	0,19	1,5e-002	
283	0,19667	0,19	1,5e-002	
284	0,21533	0,19	1,5e-002	
285	0,234	0,19	1,5e-002	
286	0,25267	0,19	1,5e-002	
287	0,27133	0,19	1,5e-002	
288	0,29	0,19	0,165	
289	0,29	0,19	0,14625	
290	0,29	0,19	0,1275	
291	0,29	0,19	0,10875	
292	0,29	0,19	9,e-002	
293	0,29	0,19	7,125e-002	
294	0,29	0,19	5,25e-002	
295	0,29	0,19	3,375e-002	
296	0,27133	0,19	0,165	
297	0,25267	0,19	0,165	
298	0,234	0,19	0,165	
299	0,21533	0,19	0,165	
300	0,19667	0,19	0,165	
301	0,178	0,19	0,165	
302	0,15933	0,19	0,165	
303	0,14067	0,19	0,165	
304	0,122	0,19	0,165	
305	0,10333	0,19	0,165	
306	8,4667e-002	0,19	0,165	
307	6,6e-002	0,19	0,165	
308	4,7333e-002	0,19	0,165	
309	2,8667e-002	0,19	0,165	
310	0,29	1,e-002	1,5e-002	
311	0,29	0,172	1,5e-002	
312	0,29	0,154	1,5e-002	
313	0,29	0,136	1,5e-002	
314	0,29	0,118	1,5e-002	
315	0,29	0,1	1,5e-002	
316	0,29	8,2e-002	1,5e-002	
317	0,29	6,4e-002	1,5e-002	
318	0,29	4,6e-002	1,5e-002	
319	0,29	2,8e-002	1,5e-002	
320	0,29	1,e-002	0,165	
321	0,29	1,e-002	0,14625	
322	0,29	1,e-002	0,1275	
323	0,29	1,e-002	0,10875	
324	0,29	1,e-002	9,e-002	
325	0,29	1,e-002	7,125e-002	
326	0,29	1,e-002	5,25e-002	
327	0,29	1,e-002	3,375e-002	
328	0,29	2,8e-002	0,165	
329	0,29	4,6e-002	0,165	
330	0,29	6,4e-002	0,165	
331	0,29	8,2e-002	0,165	
332	0,29	0,1	0,165	
333	0,29	0,118	0,165	
334	0,29	0,136	0,165	
335	0,29	0,154	0,165	
336	0,29	0,172	0,165	
337	0,27133	1,e-002	1,5e-002	
338	0,25267	1,e-002	1,5e-002	
339	0,234	1,e-002	1,5e-002	
340	0,21533	1,e-002	1,5e-002	
341	0,19667	1,e-002	1,5e-002	
342	0,178	1,e-002	1,5e-002	
343	0,15933	1,e-002	1,5e-002	
344	0,14067	1,e-002	1,5e-002	
345	0,122	1,e-002	1,5e-002	
346	0,10333	1,e-002	1,5e-002	
347	8,4667e-002	1,e-002	1,5e-002	
348	6,6e-002	1,e-002	1,5e-002	
349	4,7333e-002	1,e-002	1,5e-002	
350	2,8667e-002	1,e-002	1,5e-002	
351	2,8667e-002	1,e-002	0,165	
352	4,7333e-002	1,e-002	0,165	
353	6,6e-002	1,e-002	0,165	
354	8,4667e-002	1,e-002	0,165	
355	0,10333	1,e-002	0,165	
356	0,122	1,e-002	0,165	
357	0,14067	1,e-002	0,165	
358	0,15933	1,e-002	0,165	
359	0,178	1,e-002	0,165	
360	0,19667	1,e-002	0,165	
361	0,21533	1,e-002	0,165	
362	0,234	1,e-002	0,165	
363	0,25267	1,e-002	0,165	
364	0,27133	1,e-002	0,165	
365	0,263	0,18	1,5e-002	
366	0,2615	0,1826	1,5e-002	
367	0,2585	0,1826	1,5e-002	
368	0,257	0,18	1,5e-002	
369	0,2585	0,1774	1,5e-002	
370	0,2615	0,1774	1,5e-002	
371	0,283	4,e-002	1,5e-002	
372	0,2815	4,2598e-002	1,5e-002	
373	0,2785	4,2598e-002	1,5e-002	
374	0,277	4,e-002	1,5e-002	
375	0,2785	3,7402e-002	1,5e-002	
376	0,2815	3,7402e-002	1,5e-002	
377	2,3e-002	4,e-002	1,5e-002	
378	2,15e-002	4,2598e-002	1,5e-002	
379	1,85e-002	4,2598e-002	1,5e-002	
380	1,7e-002	4,e-002	1,5e-002	
381	1,85e-002	3,7402e-002	1,5e-002	
382	2,15e-002	3,7402e-002	1,5e-002	
383	2,3e-002	2,e-002	1,5e-002	
384	2,15e-002	2,2598e-002	1,5e-002	
385	1,85e-002	2,2598e-002	1,5e-002	
386	1,7e-002	2,e-002	1,5e-002	
387	1,85e-002	1,7402e-002	1,5e-002	
388	2,15e-002	1,7402e-002	1,5e-002	
389	0,283	0,18	1,5e-002	
390	0,2815	0,1826	1,5e-002	
391	0,2785	0,1826	1,5e-002	
392	0,277	0,18	1,5e-002	
393	0,2785	0,1774	1,5e-002	
394	0,2815	0,1774	1,5e-002	
395	4,3e-002	2,e-002	1,5e-002	
396	4,15e-002	2,2598e-002	1,5e-002	
397	3,85e-002	2,2598e-002	1,5e-002	
398	3,7e-002	2,e-002	1,5e-002	
399	3,85e-002	1,7402e-002	1,5e-002	
400	4,15e-002	1,7402e-002	1,5e-002	
401	0,263	2,e-002	1,5e-002	
402	0,2615	2,2598e-002	1,5e-002	
403	0,2585	2,2598e-002	1,5e-002	
404	0,257	2,e-002	1,5e-002	
405	0,2585	1,7402e-002	1,5e-002	
406	0,2615	1,7402e-002	1,5e-002	
407	4,3e-002	4,e-002	1,5e-002	
408	4,15e-002	4,2598e-002	1,5e-002	
409	3,85e-002	4,2598e-002	1,5e-002	
410	3,7e-002	4,e-002	1,5e-002	
411	3,85e-002	3,7402e-002	1,5e-002	
412	4,15e-002	3,7402e-002	1,5e-002	
413	0,263	0,16	1,5e-002	
414	0,2615	0,1626	1,5e-002	
415	0,2585	0,1626	1,5e-002	
416	0,257	0,16	1,5e-002	
417	0,2585	0,1574	1,5e-002	
418	0,2615	0,1574	1,5e-002	
419	2,3e-002	0,18	1,5e-002	
420	2,15e-002	0,1826	1,5e-002	
421	1,85e-002	0,1826	1,5e-002	
422	1,7e-002	0,18	1,5e-002	
423	1,85e-002	0,1774	1,5e-002	
424	2,15e-002	0,1774	1,5e-002	
425	0,263	4,e-002	1,5e-002	
426	0,2615	4,2598e-002	1,5e-002	
427	0,2585	4,2598e-002	1,5e-002	
428	0,257	4,e-002	1,5e-002	
429	0,2585	3,7402e-002	1,5e-002	
430	0,2615	3,7402e-002	1,5e-002	
431	2,3e-002	0,16	1,5e-002	
432	2,15e-002	0,1626	1,5e-002	
433	1,85e-002	0,1626	1,5e-002	
434	1,7e-002	0,16	1,5e-002	
435	1,85e-002	0,1574	1,5e-002	
436	2,15e-002	0,1574	1,5e-002	
437	0,283	0,16	1,5e-002	
438	0,2815	0,1626	1,5e-002	
439	0,2785	0,1626	1,5e-002	
440	0,277	0,16	1,5e-002	
441	0,2785	0,1574	1,5e-002	
442	0,2815	0,1574	1,5e-002	
443	4,3e-002	0,16	1,5e-002	
444	4,15e-002	0,1626	1,5e-002	
445	3,85e-002	0,1626	1,5e-002	
446	3,7e-002	0,16	1,5e-002	
447	3,85e-002	0,1574	1,5e-002	
448	4,15e-002	0,1574	1,5e-002	
449	0,283	2,e-002	1,5e-002	
450	0,2815	2,2598e-002	1,5e-002	
451	0,2785	2,2598e-002	1,5e-002	
452	0,277	2,e-002	1,5e-002	
453	0,2785	1,7402e-002	1,5e-002	
454	0,2815	1,7402e-002	1,5e-002	
455	4,3e-002	0,18	1,5e-002	
456	4,15e-002	0,1826	1,5e-002	
457	3,85e-002	0,1826	1,5e-002	
458	3,7e-002	0,18	1,5e-002	
459	3,85e-002	0,1774	1,5e-002	
460	4,15e-002	0,1774	1,5e-002	
461	4,2355e-002	9,5769e-002	1,5e-002	
462	0,25724	0,10333	1,5e-002	
463	0,25548	0,13134	1,5e-002	
464	0,25977	7,0742e-002	1,5e-002	
465	4,1639e-002	0,13126	1,5e-002	
466	4,4446e-002	6,8795e-002	1,5e-002	
467	0,21078	0,14801	1,5e-002	
468	0,12611	0,12617	1,5e-002	
469	8,4931e-002	0,14059	1,5e-002	
470	0,19313	8,0993e-002	1,5e-002	
471	0,22353	5,8309e-002	1,5e-002	
472	8,5304e-002	9,5449e-002	1,5e-002	
473	6,3668e-002	7,0126e-002	1,5e-002	
474	0,2691	0,17004	1,5e-002	
475	3,0732e-002	0,16958	1,5e-002	
476	0,26927	3,0417e-002	1,5e-002	
477	3,0919e-002	2,9903e-002	1,5e-002	
478	0,23223	0,15245	1,5e-002	
479	5,5701e-002	0,15202	1,5e-002	
480	0,10365	6,9268e-002	1,5e-002	
481	0,257	0,16667	1,5e-002	
482	4,3e-002	0,17333	1,5e-002	
483	0,25676	2,6035e-002	1,5e-002	
484	4,4091e-002	3,3789e-002	1,5e-002	
485	2,9259e-002	5,0305e-002	1,5e-002	
486	3,3499e-002	0,13998	1,5e-002	
487	0,2666	6,0334e-002	1,5e-002	
488	0,26992	0,14851	1,5e-002	
489	0,16321	7,4167e-002	1,5e-002	
490	0,18549	0,13657	1,5e-002	
491	0,23632	5,3366e-002	1,5e-002	
492	5,5608e-002	5,7299e-002	1,5e-002	
493	0,24471	0,11597	1,5e-002	
494	2,6887e-002	0,15782	1,5e-002	
495	0,27311	4,2185e-002	1,5e-002	
496	0,23006	8,4715e-002	1,5e-002	
497	0,24845	3,7463e-002	1,5e-002	
498	0,22291	0,1175	1,5e-002	
499	4,3519e-002	5,6557e-002	1,5e-002	
500	0,25662	0,14399	1,5e-002	
501	6,563e-002	0,11207	1,5e-002	
502	4,8386e-002	4,6767e-002	1,5e-002	
503	0,27144	5,0246e-002	1,5e-002	
504	2,8554e-002	0,14975	1,5e-002	
505	0,27138	0,15937	1,5e-002	
506	2,833e-002	4,1373e-002	1,5e-002	
507	0,24535	0,15893	1,5e-002	
508	0,25202	0,1687	1,5e-002	
509	4,9351e-002	0,16268	1,5e-002	
510	7,0303e-002	2,8685e-002	1,5e-002	
511	0,24965	4,6485e-002	1,5e-002	
512	6,1673e-002	0,13187	1,5e-002	
513	8,6546e-002	4,7723e-002	1,5e-002	
514	0,12169	3,875e-002	1,5e-002	
515	0,18573	4,375e-002	1,5e-002	
516	0,17211	0,10583	1,5e-002	
517	0,13661	0,1575	1,5e-002	
518	3,732e-002	3,1211e-002	1,5e-002	
519	0,2635	0,16833	1,5e-002	
520	0,27363	3,5813e-002	1,5e-002	
521	0,26759	3,7123e-002	1,5e-002	
522	2,637e-002	0,16419	1,5e-002	
523	3,2414e-002	0,16288	1,5e-002	
524	0,13296	7,0833e-002	1,5e-002	
525	0,11396	9,5e-002	1,5e-002	
526	0,26077	4,9509e-002	1,5e-002	
527	3,8598e-002	0,15113	1,5e-002	
528	0,2635	2,8333e-002	1,5e-002	
529	3,65e-002	0,17167	1,5e-002	
530	0,15451	3,6786e-002	1,5e-002	
531	0,14303	0,10042	1,5e-002	
532	5,3509e-002	8,3946e-002	1,5e-002	
533	7,0184e-002	0,17101	1,5e-002	
534	2,5873e-002	3,4314e-002	1,5e-002	
535	2,575e-002	2,6299e-002	1,5e-002	
536	3,4674e-002	2,5017e-002	1,5e-002	
537	0,27384	2,5404e-002	1,5e-002	
538	2,6158e-002	0,1746	1,5e-002	
539	0,27425	0,1737	1,5e-002	
540	0,27413	0,16572	1,5e-002	
541	0,26558	0,17456	1,5e-002	
542	0,15311	0,13	1,5e-002	
543	0,24766	2,5145e-002	1,5e-002	
544	0,23784	0,1331	1,5e-002	
545	0,19668	0,11089	1,5e-002	
546	8,0761e-002	0,1196	1,5e-002	
547	0,20577	3,23e-002	1,5e-002	
548	0,21514	9,888e-002	1,5e-002	
549	0,26697	0,16356	1,5e-002	
550	3,3151e-002	3,6413e-002	1,5e-002	
551	0,10941	0,1534	1,5e-002	
552	0,26662	4,3491e-002	1,5e-002	
553	3,337e-002	0,15651	1,5e-002	
554	3,9e-002	0,16713	1,5e-002	
555	0,26012	3,2614e-002	1,5e-002	
556	0,261	0,17287	1,5e-002	
557	3,8931e-002	2,5811e-002	1,5e-002	
558	8,7225e-002	0,16538	1,5e-002	
559	0,25433	3,3305e-002	1,5e-002	
560	0,16563	0,16573	1,5e-002	
561	3,7678e-002	8,2821e-002	1,5e-002	
562	4,4949e-002	0,11489	1,5e-002	
563	0,25813	8,5e-002	1,5e-002	
564	0,26035	0,11637	1,5e-002	
565	6,3492e-002	4,5322e-002	1,5e-002	
566	5,2451e-002	3,8359e-002	1,5e-002	
567	0,21665	7,6312e-002	1,5e-002	
568	0,23403	6,8513e-002	1,5e-002	
569	4,2965e-002	2,6224e-002	1,5e-002	
570	8,3036e-002	6,7812e-002	1,5e-002	
571	4,6399e-002	0,14344	1,5e-002	
572	0,20696	5,4458e-002	1,5e-002	
573	0,24657	0,14554	1,5e-002	
574	0,25351	0,15265	1,5e-002	
575	0,22216	0,16967	1,5e-002	
576	0,25108	6,0814e-002	1,5e-002	
577	6,9176e-002	8,3029e-002	1,5e-002	
578	0,25981	0,15055	1,5e-002	
579	3,8956e-002	4,8848e-002	1,5e-002	
580	7,0016e-002	0,15259	1,5e-002	
581	6,0365e-002	9,7813e-002	1,5e-002	
582	4,6006e-002	0,15443	1,5e-002	
583	0,1005	0,12069	1,5e-002	
584	0,23785	0,17003	1,5e-002	
585	0,24795	0,17686	1,5e-002	
586	0,19888	0,169	1,5e-002	
587	0,26621	0,1588	1,5e-002	
588	3,4209e-002	4,3149e-002	1,5e-002	
589	3,502e-002	0,16719	1,5e-002	
590	0,2649	3,2759e-002	1,5e-002	
591	2,5388e-002	0,16906	1,5e-002	
592	0,27461	3,0935e-002	1,5e-002	
593	0,26675	2,4167e-002	1,5e-002	
594	3,325e-002	0,17583	1,5e-002	
595	0,22278	3,7289e-002	1,5e-002	
596	3,2555e-002	5,8691e-002	1,5e-002	
597	0,26467	0,13913	1,5e-002	
598	2,525e-002	7,1762e-002	1,5e-002	
599	0,27481	7,2707e-002	1,5e-002	
600	0,27469	0,12776	1,5e-002	
601	2,2667e-002	0,12857	1,5e-002	
602	0,23855	9,7904e-002	1,5e-002	
603	5,9614e-002	0,16287	1,5e-002	
604	0,24654	7,756e-002	1,5e-002	
605	0,23764	3,7799e-002	1,5e-002	
606	4,5155e-002	0,16787	1,5e-002	
607	9,2692e-002	2,6899e-002	1,5e-002	
608	0,27602	0,15386	1,5e-002	
609	2,3212e-002	4,5313e-002	1,5e-002	
610	0,20566	0,12903	1,5e-002	
611	2,6356e-002	8,9914e-002	1,5e-002	
612	2,8616e-002	0,10657	1,5e-002	
613	0,27308	0,10993	1,5e-002	
614	0,27119	9,353e-002	1,5e-002	
615	7,4166e-002	5,7943e-002	1,5e-002	
616	5,2833e-002	0,17484	1,5e-002	
617	0,27758	4,6943e-002	1,5e-002	
618	2,2424e-002	0,15306	1,5e-002	
619	5,2945e-002	2,3932e-002	1,5e-002	
620	1,9696e-002	2,9863e-002	1,5e-002	
621	2,04e-002	0,17125	1,5e-002	
622	0,2796	2,8751e-002	1,5e-002	
623	0,2803	0,17014	1,5e-002	
624	3,e-002	2,e-002	1,5e-002	
625	0,27028	1,9196e-002	1,5e-002	
626	2,9725e-002	0,1808	1,5e-002	
627	0,27	0,18	1,5e-002	
628	0,26747	0,15475	1,5e-002	
629	0,28118	0,14473	1,5e-002	
630	1,8682e-002	5,5004e-002	1,5e-002	
631	0,28327	5,5583e-002	1,5e-002	
632	1,6729e-002	0,14442	1,5e-002	
633	4,15e-002	1,e-001	0,	
634	0,25668	9,9714e-002	0,	
635	0,25671	0,12884	0,	
636	0,25796	7,329e-002	0,	
637	4,2218e-002	0,12826	0,	
638	4,46e-002	6,9393e-002	0,	
639	0,20607	0,15237	0,	
640	9,4924e-002	0,13188	0,	
641	0,23243	0,11201	0,	
642	0,16589	0,12344	0,	
643	7,0132e-002	0,10788	0,	
644	5,6125e-002	7,1667e-002	0,	
645	0,10143	5,8944e-002	0,	
646	6,7811e-002	0,14676	0,	
647	0,21189	5,3529e-002	0,	
648	0,15475	5,3333e-002	0,	
649	7,1341e-002	4,3447e-002	0,	
650	0,22678	0,15885	0,	
651	0,2334	5,1188e-002	0,	
652	5,7362e-002	0,16574	0,	
653	2,9919e-002	5,5241e-002	0,	
654	3,334e-002	0,1441	0,	
655	0,26666	5,5897e-002	0,	
656	0,26666	0,1441	0,	
657	3,e-002	0,17	0,	
658	0,2705	0,16985	0,	
659	3,0497e-002	3,0146e-002	0,	
660	0,27055	2,9616e-002	0,	
661	0,12137	7,5556e-002	0,	
662	0,24638	2,9628e-002	0,	
663	5,9346e-002	3,7714e-002	0,	
664	0,24119	0,16174	0,	
665	5,125e-002	6,1977e-002	0,	
666	0,17883	0,10056	0,	
667	0,24047	9,869e-002	0,	
668	4,3676e-002	0,13941	0,	
669	0,25752	6,227e-002	0,	
670	0,258	0,13913	0,	
671	0,2379	8,0711e-002	0,	
672	0,20086	9,5164e-002	0,	
673	2,6953e-002	0,18568	0,	
674	0,27248	0,18533	0,	
675	2,6345e-002	0,15776	0,	
676	0,27365	0,15776	0,	
677	3,2535e-002	4,3182e-002	0,	
678	0,27365	4,2243e-002	0,	
679	3,3452e-002	1,6489e-002	0,	
680	0,27242	1,6062e-002	0,	
681	8,7398e-002	7,6538e-002	0,	
682	5,5563e-002	0,15287	0,	
683	0,12746	0,1273	0,	
684	8,9974e-002	0,11018	0,	
685	5,4173e-002	2,8266e-002	0,	
686	2,e-002	0,17	0,	
687	4,025e-002	0,16896	0,	
688	0,26021	0,16906	0,	
689	0,28	0,17	0,	
690	2,025e-002	3,0983e-002	0,	
691	4,e-002	3,e-002	0,	
692	0,25994	3,0713e-002	0,	
693	0,28	3,e-002	0,	
694	0,22947	0,13013	0,	
695	6,8598e-002	0,12703	0,	
696	0,24821	0,17167	0,	
697	5,6893e-002	0,11738	0,	
698	0,24685	4,7074e-002	0,	
699	0,21467	0,11322	0,	
700	0,15658	0,16268	0,	
701	0,1501	8,8056e-002	0,	
702	4,7637e-002	5,2872e-002	0,	
703	0,24844	0,15271	0,	
704	4,7137e-002	0,173	0,	
705	0,27482	0,15216	0,	
706	0,27482	4,7844e-002	0,	
707	2,5184e-002	0,15216	0,	
708	2,3162e-002	4,7299e-002	0,	
709	0,17833	7,7452e-002	0,	
710	0,12721	0,17115	0,	
711	9,2237e-002	0,15598	0,	
712	0,2193	2,1435e-002	0,	
713	0,25745	0,14927	0,	
714	0,25609	5,1053e-002	0,	
715	4,2187e-002	0,14915	0,	
716	4,0548e-002	8,6161e-002	0,	
717	4,3882e-002	0,1156	0,	
718	0,25813	8,5e-002	0,	
719	0,25656	0,11649	0,	
720	0,19227	0,11678	0,	
721	7,3852e-002	0,16146	0,	
722	5,5719e-002	0,13248	0,	
723	3,1843e-002	3,7047e-002	0,	
724	0,27183	3,7157e-002	0,	
725	0,27183	0,16284	0,	
726	2,822e-002	0,16284	0,	
727	0,18607	5,4185e-002	0,	
728	0,21802	8,2903e-002	0,	
729	0,2735	2,351e-002	0,	
730	0,26688	2,3098e-002	0,	
731	3,3614e-002	2,3474e-002	0,	
732	2,7144e-002	2,3145e-002	0,	
733	0,27351	0,17672	0,	
734	0,2675	0,1762	0,	
735	3,378e-002	0,17562	0,	
736	2,7602e-002	0,17718	0,	
737	6,0682e-002	8,7962e-002	0,	
738	0,24736	6,9474e-002	0,	
739	0,12566	0,10278	0,	
740	0,24363	0,12225	0,	
741	0,12666	5,0153e-002	0,	
742	0,24637	0,13518	0,	
743	0,21646	0,17508	0,	
744	0,22358	6,7855e-002	0,	
745	5,2535e-002	3,7458e-002	0,	
746	0,24707	5,8243e-002	0,	
747	8,2687e-002	2,2917e-002	0,	
748	0,26575	3,3701e-002	0,	
749	2,575e-002	3,3701e-002	0,	
750	0,26575	0,1663	0,	
751	3,425e-002	0,1663	0,	
752	2,029e-002	7,381e-002	0,	
753	2,6181e-002	9,0963e-002	0,	
754	2,2245e-002	0,12396	0,	
755	3,115e-002	0,1122	0,	
756	0,27971	7,381e-002	0,	
757	0,27369	9,0752e-002	0,	
758	0,27776	0,124	0,	
759	0,26869	0,11432	0,	
760	0,20095	2,7373e-002	0,	
761	0,18625	0,13725	0,	
762	5,9e-002	4,906e-002	0,	
763	0,26717	4,2598e-002	0,	
764	0,26717	0,1574	0,	
765	3,2833e-002	0,1574	0,	
766	0,24949	0,16151	0,	
767	0,10262	9,2536e-002	0,	
768	3,5188e-002	4,9449e-002	0,	
769	6,439e-002	6,04e-002	0,	
770	3,5089e-002	3,2734e-002	0,	
771	0,10908	0,11842	0,	
772	0,23931	3,7702e-002	0,	
773	0,27509	0,16724	0,	
774	0,27509	3,2756e-002	0,	
775	0,18053	0,15583	0,	
776	6,6934e-002	0,18141	0,	
777	5,4328e-002	0,18104	0,	
778	0,23516	2,1823e-002	0,	
779	0,24699	1,841e-002	0,	
780	0,13875	2,625e-002	0,	
781	8,0282e-002	5,9984e-002	0,	
782	0,17116	2,4918e-002	0,	
783	0,20315	7,2124e-002	0,	
784	0,10902	2,5446e-002	0,	
785	0,2442	0,11001	0,	
786	5,364e-002	0,10307	0,	
787	0,23586	0,17927	0,	
788	6,6017e-002	2,3223e-002	0,	
789	0,26526	2,929e-002	0,	
790	0,2653	0,17069	0,	
791	3,7292e-002	0,15283	0,	
792	0,26271	0,15283	0,	
793	0,26271	4,7165e-002	0,	
794	2,4817e-002	0,17238	0,	
795	0,20946	0,13161	0,	
796	4,7967e-002	0,15641	0,	
797	0,2496	3,8959e-002	0,	
798	2,6373e-002	4,1314e-002	0,	
799	2,5303e-002	2,9317e-002	0,	
800	0,26534	1,7339e-002	0,	
801	0,26717	0,1826	0,	
802	3,2833e-002	0,1826	0,	
803	2,699e-002	1,4274e-002	0,	
804	0,19801	0,1702	0,	
805	4,6383e-002	0,16486	0,	
806	7,0438e-002	7,4583e-002	0,	
807	0,14533	0,11568	0,	
808	0,22222	0,14327	0,	
809	4,6731e-002	3,4185e-002	0,	
810	4,4312e-002	6,1144e-002	0,	
811	0,23681	6,4483e-002	0,	
812	8,4809e-002	0,18021	0,	
813	0,25474	0,16616	0,	
814	0,25505	0,17214	0,	
815	7,9776e-002	9,0926e-002	0,	
816	5,4402e-002	0,14371	0,	
817	0,25332	4,4125e-002	0,	
818	0,23838	0,14641	0,	
819	3,5159e-002	0,17092	0,	
820	3,4161e-002	0,16183	0,	
821	0,26585	0,16183	0,	
822	0,26585	3,8172e-002	0,	
823	0,25315	2,48e-002	0,	
824	0,25371	0,15609	0,	
825	4,6413e-002	2,4214e-002	0,	
826	3,8942e-002	5,5053e-002	0,	
827	0,28186	0,13995	0,	
828	0,26781	0,13381	0,	
829	0,26551	0,12349	0,	
830	0,28181	5,9789e-002	0,	
831	0,26819	6,6542e-002	0,	
832	0,26698	7,684e-002	0,	
833	1,8136e-002	0,13994	0,	
834	3,229e-002	0,13375	0,	
835	3,4357e-002	0,12276	0,	
836	1,8272e-002	5,9698e-002	0,	
837	3,3226e-002	6,4462e-002	0,	
838	3,539e-002	7,7112e-002	0,	
839	0,2539	3,3501e-002	0,	
840	4,8936e-002	9,1568e-002	0,	
841	0,14313	0,14146	0,	
842	8,0732e-002	0,14052	0,	
843	0,25139	0,18441	0,	
844	4,9493e-002	1,2249e-002	0,	
845	8,0872e-002	0,1235	0,	
846	0,22449	3,7542e-002	0,	
847	0,11386	0,14588	0,	
848	0,10406	0,17554	0,	
849	0,17464	0,17792	0,	
850	1,1087e-002	0,17065	0,	
851	0,28851	0,16886	0,	
852	1,1738e-002	2,7878e-002	0,	
853	0,29158	2,8277e-002	0,	
854	3,7513e-002	0,17373	0,	
855	0,26265	0,17412	0,	
856	0,26266	2,5882e-002	0,	
857	0,25388	0,17734	0,	
858	4,337e-002	4,7152e-002	0,	
859	0,24958	7,9616e-002	0,	
860	0,15028	0,18463	0,	
861	0,25189	0,14492	0,	
862	8,8481e-002	4,3012e-002	0,	
863	4,7298e-002	7,9997e-002	0,	
864	0,22461	9,8663e-002	0,	
865	0,2842	0,10749	0,	
866	1,5773e-002	0,10746	0,	
867	2,5693e-002	3,7893e-002	0,	
868	5,301e-002	4,4833e-002	0,	
869	0,16558	0,14407	0,	
870	0,25247	1,8433e-002	0,	
871	0,25254	9,5637e-003	0,	
872	4,753e-002	0,18999	0,	
873	8,5e-003	4,7273e-002	0,	
874	0,28792	4,5583e-002	0,	
875	0,28756	0,15304	0,	
876	1,2437e-002	0,15304	0,	
877	9,1669e-003	1,0557e-002	0,	
878	0,28967	0,18967	0,	
879	1,0331e-002	0,18967	0,	
880	0,29083	1,0557e-002	0,	
881	0,28713	3,4385e-002	0,	
882	1,1091e-002	3,8672e-002	0,	
883	1,3801e-002	4,3517e-002	0,	
884	0,28656	0,17512	0,	
885	0,26288	1,0132e-002	0,	
886	4,7327e-002	4,1705e-002	0,	
887	0,29025	1,947e-002	0,	
888	0,28688	2,474e-002	0,	
889	0,2619	0,18232	7,2596e-003	
890	0,257	0,1801	6,1054e-003	
891	0,26285	0,17908	6,8724e-003	
892	0,25834	0,1775	9,7526e-003	
893	0,26037	0,17702	5,3383e-003	
894	0,28218	4,2066e-002	7,8998e-003	
895	0,27805	3,7721e-002	7,5547e-003	
896	0,2784	4,2537e-002	5,3118e-003	
897	0,28279	3,8907e-002	6,2147e-003	
898	0,27704	4,0467e-002	9,1846e-003	
899	2,1905e-002	4,2318e-002	7,2596e-003	
900	1,7006e-002	4,0196e-002	6,5546e-003	
901	2,2864e-002	3,9107e-002	7,0158e-003	
902	1,79e-002	3,7858e-002	8,8523e-003	
903	2,0231e-002	3,7009e-002	4,9851e-003	
904	2,1905e-002	2,2318e-002	7,2596e-003	
905	1,7002e-002	2,0098e-002	6,1054e-003	
906	2,2854e-002	1,9077e-002	6,8724e-003	
907	1,8344e-002	1,7499e-002	9,7526e-003	
908	2,0371e-002	1,7023e-002	5,3383e-003	
909	0,2819	0,18232	7,2596e-003	
910	0,277	0,1801	6,1054e-003	
911	0,28285	0,17908	6,8724e-003	
912	0,27834	0,1775	9,7526e-003	
913	0,28037	0,17702	5,3383e-003	
914	4,1905e-002	2,2318e-002	7,2596e-003	
915	3,7002e-002	2,0098e-002	6,1054e-003	
916	4,2854e-002	1,9077e-002	6,8724e-003	
917	3,8344e-002	1,7499e-002	9,7526e-003	
918	4,0371e-002	1,7023e-002	5,3383e-003	
919	0,2619	2,2318e-002	7,2596e-003	
920	0,257	2,0098e-002	6,1054e-003	
921	0,26285	1,9077e-002	6,8724e-003	
922	0,25834	1,7499e-002	9,7526e-003	
923	0,26037	1,7023e-002	5,3383e-003	
924	4,1905e-002	4,2318e-002	7,2596e-003	
925	3,7006e-002	4,0196e-002	6,5546e-003	
926	4,2864e-002	3,9107e-002	7,0158e-003	
927	3,79e-002	3,7858e-002	8,8523e-003	
928	4,0231e-002	3,7009e-002	4,9851e-003	
929	0,2619	0,16232	7,2596e-003	
930	0,257	0,1601	6,1054e-003	
931	0,26285	0,15908	6,8724e-003	
932	0,25834	0,1575	9,7526e-003	
933	0,26037	0,15702	5,3383e-003	
934	1,8561e-002	0,18263	7,2202e-003	
935	2,0971e-002	0,17716	7,5122e-003	
936	1,7074e-002	0,17934	6,0082e-003	
937	2,2058e-002	0,18218	9,1735e-003	
938	1,7854e-002	0,1779	8,9754e-003	
939	0,26218	4,2066e-002	7,8998e-003	
940	0,25805	3,7721e-002	7,5547e-003	
941	0,2584	4,2537e-002	5,3118e-003	
942	0,26279	3,8907e-002	6,2147e-003	
943	0,25704	4,0467e-002	9,1846e-003	
944	1,8561e-002	0,16263	7,2202e-003	
945	2,0971e-002	0,15716	7,5122e-003	
946	1,7074e-002	0,15934	6,0082e-003	
947	2,2058e-002	0,16218	9,1735e-003	
948	1,7854e-002	0,1579	8,9754e-003	
949	0,2819	0,16232	7,2596e-003	
950	0,277	0,1601	6,1054e-003	
951	0,28285	0,15908	6,8724e-003	
952	0,27834	0,1575	9,7526e-003	
953	0,28037	0,15702	5,3383e-003	
954	3,8561e-002	0,16263	7,2202e-003	
955	4,0971e-002	0,15716	7,5122e-003	
956	3,7074e-002	0,15934	6,0082e-003	
957	4,2058e-002	0,16218	9,1735e-003	
958	3,7854e-002	0,1579	8,9754e-003	
959	0,2819	2,2318e-002	7,2596e-003	
960	0,277	2,0098e-002	6,1054e-003	
961	0,28285	1,9077e-002	6,8724e-003	
962	0,27834	1,7499e-002	9,7526e-003	
963	0,28037	1,7023e-002	5,3383e-003	
964	3,866e-002	0,18268	6,6831e-003	
965	4,1146e-002	0,17723	6,8589e-003	
966	4,2457e-002	0,18172	5,575e-003	
967	3,7132e-002	0,17912	5,3504e-003	
968	3,7853e-002	0,17791	8,9741e-003	
969	0,206	1,e-002	9,e-002	
970	0,11267	1,e-002	9,e-002	
971	7,4345e-002	1,e-002	8,8043e-002	
972	0,25712	1,e-002	0,11156	
973	0,25754	1,e-002	6,866e-002	
974	6,2506e-002	1,e-002	0,13534	
975	0,12511	1,e-002	0,13604	
976	0,12511	1,e-002	4,351e-002	
977	0,19334	1,e-002	4,2937e-002	
978	0,19333	1,e-002	0,13707	
979	6,3813e-002	1,e-002	4,4174e-002	
980	4,0118e-002	1,e-002	7,4318e-002	
981	0,1593	1,e-002	3,9135e-002	
982	0,1593	1,e-002	0,1408	
983	9,4778e-002	1,e-002	5,0937e-002	
984	9,3771e-002	1,e-002	0,1299	
985	0,22247	1,e-002	5,1921e-002	
986	0,22238	1,e-002	0,12812	
987	0,24067	1,e-002	3,8722e-002	
988	0,24066	1,e-002	0,14127	
989	3,2326e-002	1,e-002	0,14117	
990	3,5451e-002	1,e-002	0,10791	
991	3,2119e-002	1,e-002	4,3004e-002	
992	0,2655	1,e-002	0,14156	
993	0,2655	1,e-002	3,8438e-002	
994	0,143	1,e-002	7,125e-002	
995	0,143	1,e-002	0,10875	
996	0,17567	1,e-002	0,10875	
997	0,17567	1,e-002	7,125e-002	
998	0,29	0,11806	9,3421e-002	
999	0,29	6,3342e-002	9,5547e-002	
1000	0,29	0,15931	0,10784	
1001	0,29	0,15897	7,2746e-002	
1002	0,29	6,7304e-002	4,8103e-002	
1003	0,29	9,55e-002	0,1275	
1004	0,29	0,12162	5,4709e-002	
1005	0,29	5,275e-002	0,13219	
1006	0,29	3,6949e-002	6,7505e-002	
1007	0,29	0,14706	3,9743e-002	
1008	0,29	0,14732	0,13994	
1009	0,29	0,12448	0,12284	
1010	0,29	3,7216e-002	3,6326e-002	
1011	0,29	8,9875e-002	7,3594e-002	
1012	0,29	3,0584e-002	9,717e-002	
1013	0,29	9,775e-002	3,375e-002	
1014	0,206	0,19	9,e-002	
1015	0,11267	0,19	9,e-002	
1016	7,4345e-002	0,19	9,1957e-002	
1017	0,25712	0,19	0,11156	
1018	0,25754	0,19	6,866e-002	
1019	6,2506e-002	0,19	4,4658e-002	
1020	0,12511	0,19	0,13649	
1021	0,12511	0,19	4,3956e-002	
1022	0,19333	0,19	0,13707	
1023	0,19334	0,19	4,2937e-002	
1024	6,3813e-002	0,19	0,13583	
1025	4,0118e-002	0,19	0,10568	
1026	0,1593	0,19	3,9199e-002	
1027	0,1593	0,19	0,14087	
1028	9,4778e-002	0,19	0,12906	
1029	9,3771e-002	0,19	5,0095e-002	
1030	0,22247	0,19	5,1921e-002	
1031	0,22238	0,19	0,12812	
1032	0,24067	0,19	3,8722e-002	
1033	0,24066	0,19	0,14127	
1034	3,2326e-002	0,19	3,8832e-002	
1035	3,5451e-002	0,19	7,2085e-002	
1036	3,2119e-002	0,19	0,137	
1037	0,2655	0,19	0,14156	
1038	0,2655	0,19	3,8438e-002	
1039	0,143	0,19	7,125e-002	
1040	0,143	0,19	0,10875	
1041	0,17567	0,19	7,125e-002	
1042	0,17567	0,19	0,10875	
1043	1,e-002	0,12019	9,0171e-002	
1044	1,e-002	5,95e-002	9,9375e-002	
1045	1,e-002	0,15957	0,10741	
1046	1,e-002	0,16017	7,3272e-002	
1047	1,e-002	6,6973e-002	5,4342e-002	
1048	1,e-002	9,55e-002	0,1275	
1049	1,e-002	0,10443	4,8675e-002	
1050	1,e-002	5,275e-002	0,13219	
1051	1,e-002	3,3275e-002	7,1377e-002	
1052	1,e-002	0,14672	3,9346e-002	
1053	1,e-002	0,14733	0,13993	
1054	1,e-002	0,12462	0,12282	
1055	1,e-002	3,726e-002	3,638e-002	
1056	1,e-002	8,8955e-002	8,4646e-002	
1057	1,e-002	3,0193e-002	0,10428	
1058	9,5632e-002	0,2	8,114e-002	
1059	0,17747	0,2	8,6872e-002	
1060	0,23326	0,2	0,12244	
1061	0,10604	0,2	3,7064e-002	
1062	0,10781	0,2	0,12375	
1063	0,12543	0,2	8,242e-002	
1064	0,26985	0,2	5,3556e-002	
1065	3,6923e-002	0,2	6,6312e-002	
1066	0,1672	0,2	0,13231	
1067	0,16877	0,2	3,7669e-002	
1068	5,5406e-002	0,2	2,7033e-002	
1069	0,27333	0,2	0,10823	
1070	0,21142	0,2	3,1323e-002	
1071	0,19766	0,2	0,12146	
1072	0,26721	0,2	0,13917	
1073	2,9297e-002	0,2	3,5521e-002	
1074	0,24557	0,2	2,2681e-002	
1075	0,19738	0,2	6,1732e-002	
1076	0,24145	0,2	8,4321e-002	
1077	3,3984e-002	0,2	0,14094	
1078	0,13854	0,2	3,7248e-002	
1079	0,13796	0,2	0,12808	
1080	2,4609e-002	0,2	0,10427	
1081	7,1484e-002	0,2	5,8438e-002	
1082	0,15212	0,2	6,8663e-002	
1083	0,15042	0,2	9,9108e-002	
1084	0,21111	0,2	8,9499e-002	
1085	0,2135	0,2	0,14703	
1086	0,27571	0,2	8,21e-002	
1087	0,23585	0,2	5,0199e-002	
1088	6,8853e-002	0,2	0,14005	
1089	0,27578	0,2	2,2917e-002	
1090	8,0393e-002	0,2	2,4749e-002	
1091	6,6797e-002	0,2	9,9688e-002	
1092	0,3	9,9492e-002	7,9328e-002	
1093	0,3	0,13659	7,1522e-002	
1094	0,3	0,13776	0,11397	
1095	0,3	6,2243e-002	0,11397	
1096	0,3	0,10923	3,4096e-002	
1097	0,3	0,14768	2,6755e-002	
1098	0,3	5,2037e-002	2,7188e-002	
1099	0,3	9,9487e-002	0,11431	
1100	0,3	0,17401	9,0376e-002	
1101	0,3	2,9198e-002	8,6167e-002	
1102	0,3	2,5553e-002	0,12246	
1103	0,3	0,17788	0,12292	
1104	0,3	2,5758e-002	4,5833e-002	
1105	0,3	0,17675	2,4136e-002	
1106	0,3	0,1753	5,4414e-002	
1107	0,3	0,11364	0,14208	
1108	0,3	8,1753e-002	0,14171	
1109	0,3	7,5161e-002	3,7518e-002	
1110	0,3	4,8839e-002	5,6093e-002	
1111	0,3	0,1555	0,14816	
1112	0,3	4,2424e-002	0,14438	
1113	0,20437	0,	8,114e-002	
1114	0,12253	0,	8,6872e-002	
1115	6,6741e-002	0,	0,12244	
1116	0,19396	0,	3,7064e-002	
1117	0,19219	0,	0,12375	
1118	0,17457	0,	8,242e-002	
1119	3,0146e-002	0,	5,3556e-002	
1120	0,26308	0,	6,6312e-002	
1121	0,1328	0,	0,13231	
1122	0,13123	0,	3,7669e-002	
1123	0,24459	0,	2,7033e-002	
1124	2,667e-002	0,	0,10823	
1125	8,8576e-002	0,	3,1323e-002	
1126	0,10234	0,	0,12146	
1127	3,2786e-002	0,	0,13917	
1128	0,2707	0,	3,5521e-002	
1129	5,4434e-002	0,	2,2681e-002	
1130	0,10262	0,	6,1732e-002	
1131	5,8549e-002	0,	8,4321e-002	
1132	0,26602	0,	0,14094	
1133	0,16146	0,	3,7248e-002	
1134	0,16204	0,	0,12808	
1135	0,27539	0,	0,10427	
1136	0,22852	0,	5,8438e-002	
1137	0,14788	0,	6,8663e-002	
1138	0,14958	0,	9,9108e-002	
1139	8,8891e-002	0,	8,9499e-002	
1140	8,6497e-002	0,	0,14703	
1141	2,4285e-002	0,	8,21e-002	
1142	6,4147e-002	0,	5,0199e-002	
1143	0,23115	0,	0,14005	
1144	2,4219e-002	0,	2,2917e-002	
1145	0,21961	0,	2,4749e-002	
1146	0,2332	0,	9,9688e-002	
1147	-1,0066e-017	0,10052	7,1558e-002	
1148	-1,7239e-017	0,17216	6,488e-002	
1149	-6,264e-018	6,2554e-002	7,2893e-002	
1150	-1,5982e-017	0,1596	9,7778e-002	
1151	-5,2291e-018	5,2219e-002	0,11333	
1152	-1,1489e-017	0,11473	3,0197e-002	
1153	-1,0793e-017	0,10779	0,13957	
1154	-5,1005e-018	5,0935e-002	2,7212e-002	
1155	-1,3687e-017	0,13668	6,8779e-002	
1156	-2,2957e-018	2,2925e-002	9,1183e-002	
1157	-1,4381e-017	0,14361	0,13524	
1158	-1,5627e-017	0,15606	3,2083e-002	
1159	-8,2175e-018	8,2063e-002	3,3644e-002	
1160	-2,1126e-018	2,1098e-002	0,12266	
1161	-7,294e-018	7,284e-002	0,14068	
1162	-2,3201e-018	2,3169e-002	2,4231e-002	
1163	-2,4641e-018	2,4607e-002	5,4403e-002	
1164	-1,2265e-017	0,12248	0,10195	
1165	-8,7673e-018	8,7553e-002	0,10614	
1166	-1,765e-017	0,17626	0,12069	
1167	-3,8151e-018	3,8099e-002	0,14566	
1168	0,26331	0,18648	6,2226e-003	
1169	0,26999	0,18053	8,9975e-003	
1170	0,28115	0,18694	6,9545e-003	
1171	0,28687	0,18118	9,6586e-003	
1172	0,25348	0,17361	6,099e-003	
1173	0,28752	0,16156	6,3547e-003	
1174	0,25916	0,17244	4,0947e-003	
1175	0,26503	0,17301	9,3666e-003	
1176	0,28274	0,17169	9,6799e-003	
1177	3,9172e-002	0,1865	5,1036e-003	
1178	0,25214	0,16158	7,1188e-003	
1179	1,9056e-002	0,18639	7,3314e-003	
1180	4,9113e-002	0,16846	5,457e-003	
1181	0,25658	0,16566	9,3095e-003	
1182	0,27935	0,15121	1,0354e-002	
1183	3,3008e-002	0,18128	1,0064e-002	
1184	1,2293e-002	0,18156	1,087e-002	
1185	4,7876e-002	0,16069	7,3457e-003	
1186	0,25487	0,15186	6,8594e-003	
1187	0,27295	0,16665	6,9597e-003	
1188	4,0013e-002	0,17262	1,0675e-002	
1189	1,3665e-002	0,17634	4,5123e-003	
1190	1,2205e-002	0,16028	7,12e-003	
1191	0,26074	0,14415	6,8409e-003	
1192	0,26572	0,16257	3,6125e-003	
1193	0,27209	0,15564	7,998e-003	
1194	3,5484e-002	0,17342	5,0793e-003	
1195	1,7134e-002	0,17016	8,8932e-003	
1196	3,9046e-002	0,14597	7,1756e-003	
1197	0,26364	0,15291	8,1671e-003	
1198	0,287	3,6964e-002	7,526e-003	
1199	2,8429e-002	0,17835	7,7222e-003	
1200	4,e-002	0,16659	3,9706e-003	
1201	0,27806	4,7276e-002	8,3644e-003	
1202	2,286e-002	0,16624	4,0262e-003	
1203	2,0088e-002	0,15267	7,4716e-003	
1204	3,3507e-002	0,15246	8,1986e-003	
1205	3,5188e-002	0,16278	2,9731e-003	
1206	3,3384e-002	0,15991	1,0619e-002	
1207	0,28	3,0396e-002	7,4998e-003	
1208	0,28797	2,2132e-002	4,7966e-003	
1209	0,28147	1,4233e-002	7,0954e-003	
1210	0,28667	1,7317e-002	9,6216e-003	
1211	2,6657e-002	0,15684	4,6778e-003	
1212	0,26893	4,5518e-002	6,9943e-003	
1213	0,26977	1,8219e-002	8,9723e-003	
1214	0,26001	1,2173e-002	8,3377e-003	
1215	0,25725	4,6381e-002	7,3434e-003	
1216	0,27258	3,6517e-002	1,0788e-002	
1217	0,27365	3,9058e-002	4,2337e-003	
1218	0,25233	1,5348e-002	5,2255e-003	
1219	0,26967	2,7666e-002	8,148e-003	
1220	1,5727e-002	4,7867e-002	5,1158e-003	
1221	4,8009e-002	4,1062e-002	6,5532e-003	
1222	4,6327e-002	2,9933e-002	7,1668e-003	
1223	4,3132e-002	4,9989e-002	6,1819e-003	
1224	0,25078	4,2358e-002	6,5391e-003	
1225	0,25591	2,5516e-002	7,5307e-003	
1226	1,3498e-002	1,9528e-002	5,6285e-003	
1227	0,25216	3,258e-002	7,7949e-003	
1228	3,4654e-002	5,2668e-002	7,4295e-003	
1229	1,2285e-002	3,738e-002	8,7392e-003	
1230	1,7465e-002	1,5065e-002	9,8809e-003	
1231	4,8393e-002	1,8445e-002	9,4766e-003	
1232	0,25431	3,6714e-002	1,084e-002	
1233	0,26419	3,3849e-002	6,5589e-003	
1234	2,8026e-002	4,5635e-002	6,8622e-003	
1235	1,7454e-002	2,8229e-002	5,9962e-003	
1236	4,0516e-002	3,2876e-002	8,8572e-003	
1237	3,9221e-002	1,1618e-002	8,4329e-003	
1238	3,7288e-002	2,5515e-002	4,3612e-003	
1239	2,0405e-002	3,3141e-002	8,7182e-003	
1240	3,0051e-002	1,9068e-002	9,0527e-003	
1241	3,4722e-002	3,3807e-002	6,1733e-003	
1242	2,4598e-002	3,7053e-002	3,0736e-003	
1243	2,7648e-002	2,7536e-002	6,3975e-003	
1244	3,6956e-002	2,6215e-002	1,0642e-002	
1245	0,26191	2,7137e-002	4,5174e-003	
1246	0,26731	3,8031e-002	4,4269e-003	
1247	2,8544e-002	0,1657	8,6638e-003	
1248	0,27164	0,14427	7,8944e-003	
1249	0,26295	0,12752	6,7013e-003	
1250	4,1822e-002	0,17387	3,5032e-003	
1251	2,1495e-002	1,2008e-002	7,1028e-003	
1252	0,2744	0,17368	5,6819e-003	
1253	0,26606	0,1623	1,0898e-002	
1254	0,27431	5,7033e-002	7,9875e-003	
1255	2,5901e-002	0,14267	7,7688e-003	
1256	0,25871	5,2971e-002	7,3641e-003	
1257	5,7329e-002	3,3744e-002	7,1938e-003	
1258	3,6734e-002	4,5283e-002	5,5554e-003	
1259	4,2527e-002	6,0034e-002	6,4578e-003	
1260	3,0056e-002	3,7689e-002	9,5687e-003	
1261	0,24485	5,1361e-002	7,6185e-003	
1262	4,8993e-002	0,18184	6,2754e-003	
1263	0,24574	0,17196	6,9439e-003	
1264	0,25344	7,2107e-002	7,5e-003	
1265	5,8251e-002	4,5077e-002	7,5e-003	
1266	0,26563	3,2567e-002	9,2105e-003	
1267	0,2619	2,6176e-002	1,0883e-002	
1268	3,1936e-002	0,16663	4,6724e-003	
1269	0,24597	0,18286	8,1322e-003	
1270	0,24553	0,15206	7,3001e-003	
1271	0,25893	0,17226	1,03e-002	
1272	0,25999	0,16705	3,7243e-003	
1273	0,25251	0,14016	7,3467e-003	
1274	4,9905e-002	0,15341	7,2074e-003	
1275	0,26451	0,16909	4,4529e-003	
1276	1,5366e-002	0,15616	4,9449e-003	
1277	6,2314e-002	7,8402e-002	7,5e-003	
1278	3,46e-002	0,16997	1,0167e-002	
1279	3,211e-002	0,15925	6,037e-003	
1280	0,27442	2,4038e-002	1,1157e-002	
1281	5,0963e-002	5,3817e-002	6,9327e-003	
1282	4,4799e-002	0,1754	1,0114e-002	
1283	2,9254e-002	3,486e-002	3,3988e-003	
1284	2,544e-002	5,4605e-002	7,6753e-003	
1285	0,25841	3,0921e-002	8,731e-003	
1286	2,9705e-002	3,9436e-002	4,1414e-003	
1287	0,26682	3,8279e-002	1,0112e-002	
1288	0,25558	0,1863	7,5e-003	
1289	0,25395	0,17972	1,0577e-002	
1290	0,27666	0,16436	9,8054e-003	
1291	0,23493	0,12158	7,5e-003	
1292	5,0334e-002	0,12369	7,5e-003	
1293	0,28682	1,6267e-002	4,0594e-003	
1294	0,24406	8,876e-002	7,5e-003	
1295	2,2907e-002	0,16623	1,1313e-002	
1296	2,6358e-002	0,15538	1,0136e-002	
1297	0,24446	3,378e-002	6,9136e-003	
1298	0,25936	3,4724e-002	1,1495e-002	
