21 87 74 80 69 -16 58 58 62 84 45 45 -19 7 -19 -9 95 42 7 16 91 64 42 13 32 2 1 96 18 75 27 -14 -9 -2 49 92 87 -1 95 34 3 31 -18 73 13 84 1 11 33 8 87 24 2 97 97 -1 63 1 29 38 56 15 90 22 28 86 20 42 44 68 66 25 30 -11 -10 90 -14 1 13 48 49 3 64 14 16 60 26 36 -9 8 4 19 6 23 -3 38 18 22 -11 81
13 15 59 -2 4 70 37 6 93 46 81 45 24 92 10 49 -3 73 37 52 86 70 21 16 15 27 -5 74 51 32 90 50 1 -16 26 50 7 51 -13 37 77 27 13 43 45 9 29 18 81 88 42 86 6 50 73 -12 40 51 22 75 -10 99 4 -3 48 -17 95 61 -18 90 71 96 -6 80 16 1 88 19 88 -16 -19 34 33 59 -2 78 40 48 -13 87 -12 -7 28 23 27 1 10 -3 -7 14
9 36 75 31 60 69 59 96 98 43 84 68 64 69 89 42 55 65 73 43 23 7 14 3 -12 -20 -2 -2 40 96 18 21 9 18 29 17 52 82 38 32 18 39 50 -3 18 51 -5 68 56 91 -18 94 12 -5 28 66 62 66 15 93 89 82 64 76 21 58 -18 31 41 39 57 16 32 9 15 12 60 90 -17 89 81 28 61 49 -5 83 62 5 42 65 68 86 37 97 92 72 69 94 21 9
36 -11 68 -8 45 95 54 89 -19 12 5 40 98 13 39 43 59 56 -13 29 89 17 46 89 53 15 37 -4 66 5 -12 62 75 34 94 41 96 11 6 3 93 95 85 -7 52 -12 12 45 93 16 -19 98 -14 2 -19 44 16 42 29 -19 -5 30 -7 6 24 39 -8 19 73 84 94 90 45 -11 86 13 14 42 -12 78 47 45 58 51 -18 5 57 74 54 4 34 54 -8 99 53 90 27 77 58 -3
-7 90 63 8 12 45 82 60 33 47 -18 -1 27 85 83 -16 83 72 81 1 23 52 85 93 25 51 72 2 42 66 84 80 87 60 73 -6 90 -10 95 93 11 60 36 87 65 50 0 -6 35 4 39 65 36 74 78 2 71 6 98 13 71 24 38 4 99 92 20 67 80 -14 -10 57 -10 15 76 87 23 58 64 49 62 26 25 -13 37 54 85 47 89 -12 83 60 42 62 -17 96 -3 41 95 -15
44 80 62 56 90 26 71 31 31 87 13 20 10 24 48 23 0 71 42 9 40 53 98 38 65 27 57 -20 -2 59 3 20 17 24 97 48 93 -13 -19 30 40 88 13 4 65 40 11 4 95 56 52 50 83 65 16 36 46 97 -14 17 37 91 89 61 36 42 77 12 97 76 45 21 43 -11 89 -15 59 32 76 75 33 22 84 74 34 32 77 69 72 63 67 63 51 95 87 28 95 78 43 42
94 11 41 -5 79 45 81 90 46 -6 65 83 70 98 59 1 53 -6 57 -6 16 53 76 5 -18 88 21 40 -7 61 35 -5 42 42 -9 17 4 18 52 63 76 53 60 53 15 12 78 -10 37 32 12 75 69 51 -20 68 -15 -10 37 49 50 5 13 94 31 80 64 78 75 99 12 25 44 41 43 89 -5 68 -8 97 9 16 -19 47 87 1 69 20 73 -6 61 57 35 23 33 92 4 61 92 19
10 8 47 -16 95 46 -2 -10 27 67 64 3 81 83 46 63 -10 71 -11 -20 24 82 39 13 11 84 -2 92 10 -15 35 79 43 2 78 67 4 68 71 84 93 15 45 12 6 58 69 2 99 45 69 84 85 40 65 48 98 10 -19 -17 -8 92 12 -13 -10 -17 1 43 3 27 60 69 75 25 8 43 7 28 43 17 69 43 -11 -19 8 42 -12 0 81 58 54 -12 86 70 9 -17 50 40 8 47
76 3 15 46 45 58 -7 49 44 8 -17 99 77 26 4 55 18 66 71 5 55 21 89 -4 84 15 64 42 15 13 42 96 88 92 6 66 -7 49 -16 85 86 32 35 73 -15 56 76 81 74 94 76 32 36 98 62 15 -5 31 90 61 85 71 97 86 -10 70 2 14 73 13 36 -8 68 42 13 34 83 54 3 76 8 64 57 -7 89 8 20 60 58 38 30 15 21 4 3 56 -17 9 2 61
29 88 62 73 54 40 -18 63 91 29 18 79 28 39 71 -17 85 41 84 12 25 93 78 49 -18 38 57 30 1 94 8 -19 99 -7 55 49 77 49 38 40 31 84 97 -5 55 -5 70 19 72 -12 -18 14 -15 50 -16 34 80 35 11 41 95 99 50 78 13 48 77 -8 56 -11 53 28 81 50 23 -17 8 84 38 -20 11 65 -6 91 33 47 93 -5 -12 45 56 9 70 58 49 -7 -14 60 16 -11
7 68 19 44 1 -15 46 76 56 -14 86 27 61 24 0 26 1 2 61 44 9 -5 2 93 64 41 85 62 83 31 -14 8 58 62 87 47 61 32 -4 90 94 29 -16 16 30 33 96 92 74 5 48 -12 31 12 71 94 99 18 -18 44 15 72 49 19 98 3 58 46 -1 78 26 56 2 93 18 2 46 12 57 65 67 38 -18 67 -2 90 -8 60 58 19 92 28 62 40 95 -5 -18 67 -4 17
78 77 8 31 36 90 -11 -15 38 89 20 0 20 7 62 75 15 52 21 54 58 86 54 46 48 -11 98 43 55 15 -19 95 -5 -12 14 70 45 84 97 22 -19 24 49 49 70 -17 10 33 -15 90 37 -4 77 58 13 56 94 64 11 9 35 85 -3 24 -3 83 84 -10 28 68 61 -15 12 -7 72 14 16 46 56 -8 -11 -20 -6 79 83 71 1 -11 -1 25 65 5 -4 -10 35 69 4 26 73 94
49 40 -5 73 89 61 72 68 98 91 88 86 50 82 34 -1 50 12 82 51 -5 -16 14 24 2 35 0 94 -8 41 62 87 77 49 25 55 94 10 3 14 61 32 12 19 88 12 22 67 28 75 88 43 99 14 24 66 99 98 45 26 -14 80 67 32 47 72 56 -6 67 81 23 42 31 76 3 48 -17 82 38 -4 80 11 2 76 30 25 -16 -14 97 -11 -17 74 57 88 88 11 16 83 8 27
6 11 -3 72 83 87 -12 5 8 85 98 97 23 53 41 70 28 51 -10 49 12 -6 9 61 85 87 53 93 14 12 72 10 41 -18 -3 57 70 82 64 41 10 43 57 83 -1 15 -11 27 22 90 82 -2 -14 -13 90 -12 -9 78 -7 0 83 26 82 70 12 28 54 61 58 3 87 5 -2 61 -3 50 34 98 -2 1 3 96 27 98 29 95 -15 15 6 46 13 60 -10 -12 28 72 53 60 26 35
-10 59 57 32 42 -12 52 69 24 54 -12 -8 -13 12 35 -12 4 -3 63 29 35 61 49 0 -8 28 23 31 94 53 -9 60 34 10 -3 99 0 -2 71 4 80 27 39 65 63 -2 32 53 32 31 -20 94 20 37 5 29 80 65 91 52 -10 89 78 79 -9 17 53 13 40 -3 6 56 90 82 -2 99 -2 69 19 69 64 52 40 -12 -13 -12 97 3 -10 67 16 54 22 -9 39 61 -4 30 63 -17
16 -8 -8 81 14 73 82 56 80 75 84 59 76 -20 58 12 87 44 20 17 66 10 -19 22 29 23 58 85 81 35 76 56 58 78 -1 78 77 10 67 69 61 95 18 56 13 -1 4 65 73 28 32 63 29 54 68 -5 11 73 22 8 -9 46 84 -14 -3 97 89 16 94 51 89 92 86 73 71 75 49 77 -20 -8 96 11 -13 6 62 15 3 94 40 -3 45 45 93 1 78 58 58 80 31 7
25 30 75 29 10 9 73 45 -6 -18 -13 52 -4 27 62 62 -10 -19 11 7 85 99 61 38 11 -13 68 26 56 59 49 42 46 66 75 88 74 40 73 -3 8 3 41 91 22 75 17 6 92 81 -4 -19 81 75 87 -16 58 -5 76 74 79 18 54 -7 62 55 63 68 93 12 47 -20 -14 98 70 21 -19 19 75 63 56 -7 -19 65 93 54 90 93 81 67 39 90 23 45 72 -11 1 52 16 41
67 -10 91 25 72 12 9 60 -15 51 38 -7 26 38 8 26 31 26 16 -3 40 34 29 8 89 84 69 38 -3 35 46 64 28 6 -12 77 18 10 59 5 66 99 40 50 11 73 35 65 58 80 -9 47 87 -16 6 87 20 47 94 11 52 11 48 -7 65 77 91 64 57 26 68 82 73 60 42 -3 18 8 15 69 67 41 -7 4 47 61 73 37 1 62 27 45 53 4 64 -5 65 81 -16 41
52 46 36 83 13 60 -20 88 31 13 68 -9 76 59 68 -20 71 73 -1 3 -1 -7 76 35 -15 94 20 55 -20 76 75 65 91 68 99 16 62 52 85 -20 35 62 65 -18 60 16 97 -18 48 -20 40 56 38 33 40 6 54 33 -3 -20 35 12 -20 87 15 6 41 48 -19 -12 95 56 5 29 32 -4 35 22 63 2 1 22 12 -12 78 -12 57 94 -10 70 75 19 29 35 3 60 -1 59 45 51
41 21 32 93 13 89 7 62 73 23 0 74 58 -16 83 9 -8 4 69 90 -15 27 14 -13 66 16 63 40 99 90 48 90 91 45 41 10 3 49 55 38 39 66 42 75 67 56 93 28 75 79 13 10 -18 -15 61 5 27 67 9 -6 11 -3 18 45 17 38 58 64 32 23 8 84 -19 63 30 24 21 87 17 32 71 63 1 23 21 65 1 25 -10 -5 41 2 -8 91 75 -5 13 78 19 62
28 34 82 47 -15 -2 4 70 -1 94 -16 43 5 18 -16 41 30 73 3 54 70 -14 47 25 65 76 90 69 78 -17 35 37 29 10 44 88 77 94 -20 -8 73 -5 -6 61 76 -14 4 95 42 59 1 52 64 39 19 23 7 96 -15 98 -3 8 59 37 37 31 16 95 80 41 13 52 76 0 95 7 44 94 59 10 56 21 91 29 70 34 12 91 49 47 30 99 -7 33 3 -19 83 -15 36 99
-5 -1 48 58 63 99 95 1 93 86 -18 58 88 81 19 78 -9 43 43 94 63 9 42 47 82 41 -13 46 31 17 33 -20 -4 -10 62 35 66 70 57 82 80 49 45 54 3 62 15 -14 20 18 88 -9 25 87 5 87 89 82 83 47 2 77 79 43 46 -17 28 31 -10 96 78 27 36 25 -9 62 39 35 96 71 35 -16 91 23 8 55 -10 59 12 91 83 33 75 22 29 40 54 58 85 77
-7 33 30 3 50 53 22 11 31 10 78 21 78 67 52 38 99 82 23 10 22 68 82 75 -5 -12 -19 42 94 39 8 -2 62 17 41 27 9 5 40 93 64 10 1 45 13 4 82 43 2 9 94 29 92 14 49 -10 64 24 69 58 45 63 92 73 90 71 7 51 89 98 38 3 92 99 73 63 -18 -12 -17 14 -10 82 20 51 -8 -9 0 97 -4 96 78 40 75 8 18 -1 55 37 -17 82
42 42 80 70 42 13 21 66 68 57 17 72 -2 87 89 45 49 72 39 -19 63 70 48 11 49 92 10 72 44 27 35 88 21 -10 70 -3 91 16 79 -17 20 13 17 -7 50 94 13 82 23 41 -10 82 87 97 51 43 -10 17 20 3 26 63 1 79 -15 86 -9 -15 21 20 29 37 23 70 38 1 35 81 7 11 67 19 4 -1 78 0 30 41 98 65 80 88 79 82 98 20 78 75 21 -6
-13 -7 16 61 46 78 90 -2 96 55 57 31 60 92 58 53 75 5 -14 -19 14 19 53 48 13 52 93 73 -3 43 70 -9 -6 48 87 38 9 -12 19 -13 89 71 49 15 18 -11 96 99 63 -17 31 14 41 94 5 67 -4 93 4 86 93 48 3 64 52 87 68 49 -10 71 -6 -10 7 83 24 19 14 95 6 98 49 -2 69 -11 27 20 78 -16 75 6 -11 83 46 -8 -20 70 16 55 61 86
-9 89 7 23 65 90 30 66 55 81 28 42 17 2 4 65 12 92 25 8 26 -11 98 63 65 5 40 -15 -2 41 35 -20 67 33 34 -9 95 -4 -6 -19 77 50 74 10 56 91 20 -5 85 -18 5 98 -7 12 57 58 45 62 17 32 79 67 6 3 91 95 99 38 49 -15 14 19 65 92 55 2 12 73 60 58 -3 42 68 -17 97 -15 74 61 58 2 -11 76 98 39 -2 -19 86 83 97 75
-16 41 80 21 42 22 68 -5 64 -4 -3 7 53 24 44 -1 81 78 23 8 97 99 77 -19 -9 44 43 55 12 29 -19 15 75 36 57 19 80 -8 33 -19 49 68 47 18 4 -16 14 -7 65 18 30 2 89 24 9 98 63 65 -20 84 13 45 32 25 -13 27 97 84 84 10 94 71 1 65 -6 90 2 98 -14 78 1 44 17 -4 -6 9 88 67 -7 8 -14 82 18 -20 -1 18 -10 84 -1 16
-12 52 98 34 87 19 94 40 7 14 48 -19 98 62 22 -19 84 6 76 9 53 48 61 33 26 24 85 42 -18 80 61 40 3 78 87 93 83 11 34 -5 36 -19 32 71 59 31 -2 30 64 87 67 44 11 41 69 98 61 90 73 32 75 40 -7 52 62 16 83 33 6 31 15 28 32 61 49 83 69 47 32 31 53 52 -10 59 12 -13 34 5 -20 83 82 29 27 18 20 51 -9 -6 47 94
-17 89 -11 26 -13 96 92 10 39 6 -18 63 -20 13 85 71 39 46 -13 49 22 97 65 96 48 -8 14 86 53 20 19 51 -2 7 76 78 54 -20 73 -13 9 76 -18 22 67 83 80 87 93 50 97 -17 36 94 46 57 -6 80 -9 12 64 54 6 33 44 -5 20 72 80 91 16 -1 3 97 49 -19 85 92 14 4 21 -17 84 86 -12 8 17 90 63 84 94 6 17 41 98 71 72 51 92 -17
81 51 1 70 38 69 -9 -20 -1 97 17 94 15 -19 36 7 48 -7 49 33 81 83 29 76 63 27 85 62 50 97 -19 67 10 46 67 71 97 25 -16 98 51 -13 55 12 51 -3 65 33 71 40 40 70 95 60 90 37 58 6 -16 29 51 84 88 70 98 19 -1 27 69 19 99 16 40 16 33 38 50 93 66 69 74 12 -20 34 34 33 6 9 11 88 99 21 1 -12 26 13 25 90 -11 81
40 28 82 62 86 18 79 77 67 38 49 43 0 95 46 13 49 57 17 74 -7 -5 -2 53 63 73 6 11 0 34 77 -6 92 77 51 35 77 72 32 57 30 -7 76 90 89 88 29 86 44 -20 2 -11 -20 13 32 62 34 27 27 94 45 53 31 53 73 84 23 55 -18 81 46 9 68 28 84 51 14 15 27 93 20 42 -13 77 37 40 42 80 60 58 96 14 -5 90 51 35 37 3 22 27
49 71 -9 94 -20 -7 33 61 5 -12 -17 20 95 51 10 -8 -5 91 60 34 20 46 14 68 79 65 56 92 42 72 -9 87 84 17 68 16 -10 30 42 81 73 79 32 64 31 55 24 70 6 6 78 -19 43 23 61 0 -5 98 39 23 8 69 -12 34 73 -1 69 46 99 77 97 22 55 -8 23 92 28 63 93 88 15 97 48 88 -9 53 85 1 62 70 88 -4 85 65 3 -11 55 73 -15 24
58 85 -20 93 65 0 28 94 53 65 88 21 12 36 10 52 82 1 46 55 80 51 -13 37 43 28 13 15 -9 23 2 -9 59 54 92 93 30 -19 54 38 66 6 11 23 48 87 59 64 44 -7 55 4 -6 82 87 87 25 86 26 9 0 97 30 19 78 16 17 -17 62 40 71 45 3 95 -4 75 -16 -14 28 61 75 78 -15 93 43 92 -2 77 16 39 66 34 26 23 62 51 60 35 58 67
50 10 13 -13 33 74 76 92 70 61 61 -14 -15 -7 4 29 35 63 94 53 7 87 60 99 61 -15 34 40 60 87 81 72 73 57 17 -17 83 -7 59 71 25 8 38 48 70 72 24 74 83 93 16 87 86 86 81 44 18 31 -14 65 -1 76 68 47 11 79 51 26 57 26 33 47 81 92 7 79 24 -3 -19 68 82 4 68 -12 -19 76 82 20 -16 58 5 79 44 34 44 -1 49 74 35 3
92 31 77 34 63 71 -1 30 97 63 98 44 -8 86 49 68 -3 97 44 -12 87 48 53 42 91 49 33 97 34 4 -16 43 75 31 73 72 58 50 -1 -10 73 14 89 74 54 -7 49 38 85 13 98 91 32 83 8 49 28 -15 91 -20 6 51 -12 41 -2 57 27 42 98 -18 63 46 86 89 96 85 91 63 18 90 37 56 11 66 50 -7 -9 60 -16 3 41 65 38 9 85 14 85 87 84 24
16 17 87 55 2 -14 8 38 79 31 -11 58 30 35 70 72 69 36 50 52 62 29 92 16 17 13 36 90 65 -8 51 17 51 61 55 -7 52 16 96 -12 51 65 58 36 79 4 76 86 42 98 88 1 6 48 -3 8 -1 47 49 60 25 28 2 86 19 97 31 67 85 51 66 24 94 69 49 96 81 85 5 36 0 37 75 10 17 69 -15 66 88 55 43 77 30 27 15 22 33 -20 14 29
68 -5 -12 90 80 59 97 87 34 44 57 25 -1 52 73 72 62 3 91 29 77 93 20 44 23 77 68 10 -12 8 -19 -8 57 24 79 41 89 3 76 -8 60 67 -8 -10 40 55 83 35 77 57 -6 34 53 73 58 -14 44 74 55 89 92 84 4 52 4 2 75 53 82 93 24 20 22 -7 57 42 50 77 97 26 -9 97 5 56 17 99 70 78 5 67 -16 92 -15 96 75 88 78 42 8 15
2 17 86 27 -7 53 45 6 -11 -16 34 45 99 26 69 -8 39 35 56 1 67 -2 33 67 92 36 49 -19 70 70 14 95 26 23 6 4 76 57 -4 -7 9 -9 24 77 65 20 50 65 -15 58 88 26 -11 -12 1 85 36 80 96 90 4 47 28 76 64 0 63 64 71 60 -10 84 63 26 41 10 25 46 68 76 7 86 77 98 19 54 95 91 90 52 -2 56 17 70 -13 7 54 26 42 62
59 46 -5 46 14 10 6 99 -4 2 19 1 72 16 24 17 30 18 52 44 -19 80 60 23 -4 41 -13 39 -12 30 32 -1 78 39 -13 64 47 77 55 -7 89 31 62 -1 76 81 1 94 -11 98 96 9 77 44 98 -18 45 18 12 5 16 61 79 3 27 71 93 42 0 76 28 59 49 93 -1 71 91 -17 24 18 -8 44 19 81 74 33 -1 94 29 95 62 41 -4 -3 72 65 71 -2 90 67
35 87 84 82 99 61 28 24 94 28 -19 92 8 34 76 77 93 -19 85 -2 35 34 32 -14 56 64 -14 81 84 60 34 36 96 47 -15 78 71 61 5 91 11 -1 40 37 76 3 84 4 45 57 42 86 15 -14 92 9 26 85 -17 52 81 26 93 44 69 90 65 86 45 30 36 95 53 23 -8 36 36 70 -4 32 10 30 95 32 50 15 56 61 20 4 69 -6 30 -18 -14 -4 4 90 -3 2
86 56 8 45 1 70 70 42 41 13 18 54 13 -5 -20 98 67 0 5 63 85 76 93 50 52 9 59 3 -3 29 13 99 -7 20 72 5 41 91 98 23 -7 7 14 16 -3 31 89 84 -14 71 42 -2 62 55 87 -3 98 4 62 90 86 85 80 65 46 80 37 -18 44 14 84 50 55 20 -14 46 82 76 53 31 87 35 25 35 94 28 59 99 8 21 12 17 97 49 -8 51 38 62 79 57
59 79 20 -20 96 44 92 95 53 25 81 99 27 -12 -16 29 21 59 88 27 79 6 69 55 46 64 -13 -6 -16 68 46 5 61 54 89 28 -2 7 13 84 5 -3 77 95 61 43 73 37 59 76 95 53 14 70 32 84 99 -12 10 54 12 -4 41 35 66 11 60 35 0 94 38 77 90 98 41 67 62 -2 90 51 41 79 81 90 93 12 -17 42 2 28 -19 38 -13 5 66 42 26 14 37 -16
63 47 20 -15 4 23 37 73 28 30 -5 6 38 52 -4 58 -19 2 16 46 42 -16 3 10 12 70 15 11 70 95 68 -20 41 3 58 32 -12 44 -15 47 42 3 -2 39 91 76 -8 12 61 23 -12 35 36 16 38 19 63 65 57 86 -11 15 57 7 0 10 22 -5 89 73 -20 53 77 46 81 85 22 85 79 -15 93 75 35 23 6 -4 -12 25 92 21 0 2 16 -12 99 56 12 45 58 98
36 86 -9 36 87 -19 22 25 82 -16 79 32 77 70 60 74 19 20 78 91 60 10 51 47 53 95 -4 -1 -5 90 76 36 92 43 26 67 15 2 75 66 76 6 17 98 6 -16 -15 85 48 40 20 34 14 -8 52 78 46 25 10 69 -1 59 13 18 97 1 85 91 29 99 48 -15 -18 13 21 -10 87 33 8 8 15 89 86 69 3 -9 1 39 11 32 94 26 48 30 68 99 35 -10 -16 76
58 66 7 93 63 71 27 13 41 -7 74 2 7 77 3 13 66 55 35 33 -14 -10 79 5 36 93 83 32 99 19 -14 93 5 85 31 64 47 91 67 -1 59 56 55 12 32 93 77 90 99 17 66 -11 85 -14 79 -1 93 15 48 1 8 49 76 -9 -2 14 95 -17 54 96 4 11 85 62 71 77 35 -6 98 3 -2 -5 22 43 91 83 52 40 90 -20 -12 5 42 38 78 97 61 -20 88 -4
13 72 32 2 47 20 18 54 7 74 43 -16 4 14 86 10 85 75 63 7 12 51 39 -20 18 28 8 20 59 31 26 87 28 -14 45 59 98 80 55 94 -4 7 96 -6 -20 11 -12 18 74 89 -16 36 74 -10 9 72 79 41 82 -16 -17 -1 69 47 17 6 36 7 29 83 -1 54 75 24 16 9 38 96 78 12 -14 -3 15 48 -4 68 82 94 33 55 -4 76 42 -4 24 -11 62 44 52 69
96 6 42 -18 35 -4 45 12 19 15 -3 24 54 -17 84 59 82 -19 -7 73 97 53 13 40 75 54 85 81 42 -12 15 86 60 -9 48 -11 52 -3 93 -12 -6 62 16 -3 76 -17 70 92 29 73 79 79 62 82 -18 -11 34 -11 -6 58 14 46 3 34 32 88 -7 3 7 58 73 57 35 79 41 84 -1 21 47 76 12 -15 92 32 8 56 71 35 95 9 96 -8 96 58 89 0 -4 24 20 26
66 83 65 74 71 48 38 4 84 97 53 42 64 3 72 5 71 -18 64 49 75 10 46 -12 75 64 41 89 41 39 42 -17 72 72 12 39 21 -13 65 30 29 59 88 39 88 80 51 38 60 76 48 24 5 25 -10 -2 36 80 75 44 6 52 99 13 62 -15 36 73 45 87 -8 18 65 84 98 99 92 88 76 98 78 58 65 79 29 4 -18 29 -11 98 7 98 83 1 23 50 86 6 -17 64
40 68 43 7 96 -14 10 45 92 60 -3 -7 46 88 17 -1 44 68 80 18 5 87 92 -6 72 -11 22 -10 31 55 30 11 4 50 20 85 -13 14 47 37 65 42 28 53 35 79 97 8 49 -14 10 -11 60 -19 59 -19 46 40 71 34 73 4 57 59 76 89 50 77 -15 25 34 29 -6 12 50 99 77 13 -7 17 37 60 5 13 91 62 76 34 12 74 76 70 53 85 32 87 -19 1 84 79
26 -15 19 58 87 88 54 -10 92 99 80 35 -2 12 56 2 49 96 39 58 3 59 35 57 10 11 2 0 57 26 75 26 -17 72 98 95 65 88 98 20 81 49 64 85 6 97 77 21 78 53 36 53 33 -12 13 35 9 76 81 61 39 44 -17 39 31 69 -18 66 -10 67 -20 69 83 8 7 63 20 98 -14 -2 3 20 -14 18 -15 3 49 78 56 50 -5 56 -17 8 39 46 10 95 49 59
41 17 5 74 58 -2 14 11 1 97 80 12 55 36 18 98 80 65 -7 -16 73 67 25 6 90 -4 21 70 49 8 57 19 15 73 37 51 31 -3 53 71 -4 69 71 -16 42 7 -20 68 56 14 59 97 60 81 43 81 31 9 79 39 -5 -1 63 25 66 61 44 63 49 75 44 35 45 30 63 17 52 52 24 73 0 -5 8 90 23 50 16 65 94 80 -2 98 64 -12 91 47 97 68 50 -1
0 50 90 72 60 44 55 24 -18 11 46 8 -16 46 96 66 52 8 98 5 72 47 -14 79 72 -9 -4 50 -3 86 70 50 45 65 48 94 74 63 49 -4 23 76 -2 34 81 1 -5 75 34 82 39 62 84 0 -5 -3 -4 0 84 4 -3 35 25 9 31 8 54 44 86 95 91 -10 64 39 39 55 98 -13 -15 -6 18 16 40 52 26 82 17 53 91 95 9 5 89 -12 99 67 94 70 -12 74
97 52 -10 -2 8 36 50 -18 83 19 41 -7 -13 9 13 13 11 92 35 46 62 -20 -4 21 17 47 20 25 66 -19 42 2 -14 -9 50 75 95 43 -17 -9 52 35 -3 72 -19 7 61 12 22 8 90 49 44 39 93 51 94 -19 4 83 60 4 8 17 73 22 -2 -18 93 29 -2 -5 30 18 83 55 81 25 18 -17 27 61 86 -10 69 40 75 63 31 94 42 40 11 35 -11 50 94 42 76 30
75 32 94 42 33 88 75 60 45 63 42 -1 -13 43 87 84 9 88 48 58 20 99 47 -7 0 67 66 51 2 84 42 -12 56 93 89 68 43 45 -9 50 59 -14 -18 -5 84 18 45 3 1 -3 50 28 -10 -6 36 -11 66 58 15 92 92 2 41 47 68 85 29 -1 62 89 6 39 -5 80 46 52 25 82 63 -19 -4 81 90 92 92 61 70 13 25 65 60 -10 68 30 1 96 -16 94 19 30
49 92 55 91 4 50 2 1 95 11 6 63 10 98 32 -5 6 -6 -8 -16 5 -8 41 81 75 70 -15 -9 67 82 3 87 93 70 99 8 54 24 89 35 80 85 11 12 84 50 36 0 -19 19 9 23 47 80 85 76 40 68 75 -13 29 71 20 2 16 79 10 99 25 99 -11 1 11 24 -13 -15 81 23 -11 -12 24 23 -16 74 30 71 57 64 91 7 5 60 -1 95 48 81 12 87 20 39
6 17 -12 -12 24 68 -15 1 33 75 -19 94 7 62 54 16 74 38 21 4 -12 6 16 -4 40 9 37 49 9 -17 24 41 84 60 47 76 -8 2 68 -14 12 13 58 79 43 87 3 17 36 14 1 -7 -20 3 12 0 -8 13 4 93 37 45 72 20 67 26 -10 8 26 8 99 84 43 69 93 -17 90 -20 7 -10 27 22 93 7 43 61 25 19 31 58 61 58 3 98 98 78 44 37 72 1
-18 56 47 0 38 3 54 61 -1 12 2 -9 -9 53 -15 21 31 60 -2 11 -18 34 24 35 40 15 55 23 30 68 39 30 77 32 48 -10 -5 -1 -12 89 71 -9 75 43 17 69 60 27 34 24 -3 32 -19 84 36 -18 37 51 31 72 -15 78 65 88 14 -14 -2 5 68 -15 9 -3 12 21 99 -13 32 13 55 2 -13 9 -4 75 82 48 83 -5 -13 13 25 49 -3 -11 31 30 -7 -12 72 78
96 1 75 46 -11 -9 58 79 92 29 18 58 74 -8 -12 76 31 7 83 51 -6 -1 47 65 19 48 41 -15 55 32 72 56 87 23 -13 39 34 67 -8 54 -11 13 77 74 -8 91 -11 26 -13 -1 69 14 16 -8 7 57 3 31 22 49 7 21 92 76 -14 43 97 14 52 82 45 56 4 61 95 43 12 3 22 -11 22 49 17 99 15 39 74 32 99 10 -8 5 -7 11 -11 10 24 -3 5 19
50 28 48 62 8 5 -6 84 31 24 17 95 49 21 94 59 70 86 80 47 13 41 21 78 46 90 3 1 -14 38 94 -9 45 42 66 0 34 13 20 86 79 35 36 53 -5 12 78 5 -10 -4 -15 6 -16 52 62 35 45 26 21 33 86 60 13 90 11 74 83 77 40 -11 22 65 22 42 48 -6 92 68 55 58 62 17 12 92 60 43 99 21 -10 91 85 44 94 65 59 19 62 86 99 -10
53 45 56 28 -12 -1 45 -4 29 -9 74 82 70 77 58 97 98 -9 -12 43 -7 5 1 7 82 -5 21 75 38 92 -6 90 -2 21 -15 -17 63 -15 18 75 -3 19 39 92 54 24 11 86 9 -18 16 -2 15 -8 90 -19 32 28 22 89 17 6 48 58 -3 -2 35 84 -15 -1 1 80 20 26 21 88 7 91 47 91 90 57 57 29 23 76 80 83 -6 74 -11 6 65 19 68 30 73 -2 -4 -16
73 91 24 43 51 82 70 87 64 68 94 79 3 9 77 41 -15 57 83 12 48 15 89 17 -11 3 7 45 90 31 -11 78 24 76 32 51 73 -11 80 97 82 28 0 99 22 60 -11 74 62 40 -14 6 -16 66 51 83 86 94 65 8 49 87 94 44 21 66 97 25 14 10 12 13 43 52 92 -17 19 68 49 23 69 7 55 25 92 59 75 28 19 -13 10 94 21 0 -17 18 -8 77 83 52
83 25 26 -20 37 42 19 26 16 -16 72 57 55 -1 96 70 27 26 41 75 60 12 65 87 -2 64 31 49 82 45 -18 69 63 10 2 22 16 40 29 92 95 71 -4 95 34 97 54 -11 62 -9 69 57 81 56 24 53 21 57 55 65 65 42 49 60 18 13 19 49 42 4 34 -18 15 -5 43 66 32 28 24 21 52 66 86 69 91 24 53 14 56 98 -16 -7 88 84 77 64 76 74 6 96
53 48 90 56 81 91 46 9 40 55 88 31 21 91 5 88 73 -6 89 50 18 51 39 -7 28 67 -6 97 30 97 76 73 89 82 36 9 28 79 45 -19 67 -20 20 27 41 2 26 89 4 63 -20 82 72 92 63 3 -17 71 0 72 -17 50 59 29 52 36 65 66 16 23 24 38 88 18 78 -17 -15 71 93 57 83 7 54 70 -4 21 79 84 56 72 54 13 80 21 3 -5 88 13 57 74
-3 51 62 3 79 40 68 62 28 66 -10 87 38 11 86 45 61 94 70 55 87 79 30 95 23 59 14 28 84 13 28 18 -20 67 64 53 -7 72 30 -2 26 84 36 69 37 17 77 -1 12 55 5 -14 37 26 54 95 70 66 42 55 33 76 -14 98 36 23 14 19 21 65 54 64 4 83 49 96 17 34 67 86 -17 -16 12 61 89 -5 39 76 21 51 8 13 46 50 -14 89 30 -1 -16 86
99 3 -14 11 33 96 43 50 17 95 -8 47 49 65 83 -7 51 96 9 55 98 -17 8 77 91 31 94 63 -15 27 -10 -19 27 -2 76 15 1 36 99 59 61 31 52 69 95 83 50 94 76 3 52 8 79 45 10 80 8 51 28 45 -3 20 24 17 94 3 74 62 85 14 40 2 54 49 94 6 43 28 48 99 91 19 -17 62 60 36 30 78 -2 30 13 11 82 64 29 25 75 72 29 78
12 -11 -20 0 -14 47 -16 42 -4 13 54 73 96 -9 51 74 31 -18 59 22 -4 80 49 88 49 25 22 -10 -13 94 -20 79 62 35 13 85 -12 72 -16 66 98 -17 21 7 -12 57 -8 75 50 98 35 -7 50 66 31 29 25 61 -13 -16 60 93 9 10 68 63 60 8 41 84 -17 14 62 96 74 86 5 24 78 42 -20 -1 -12 62 81 34 0 -14 42 94 92 -10 56 6 66 -18 37 81 1 49
-13 82 45 21 23 10 88 69 -2 84 -19 6 86 87 31 70 -8 58 13 53 61 2 16 -7 71 55 24 85 33 64 44 97 33 84 -7 32 21 84 -10 37 68 -11 -3 80 -17 41 83 96 31 0 28 33 -7 11 73 72 71 -6 19 76 32 94 -11 72 12 41 29 70 40 29 35 -18 65 11 77 71 23 -19 66 5 -17 -10 13 44 22 64 93 -4 2 5 59 53 67 -14 83 -11 91 50 15 88
1 39 80 15 44 78 78 84 38 3 58 -3 55 90 82 15 20 81 85 92 64 26 72 24 -15 5 24 9 94 -11 72 -11 96 9 61 -7 70 46 -8 63 13 59 20 55 7 30 9 49 20 -19 17 9 63 64 1 85 35 13 -6 59 37 35 -16 -2 91 83 -14 43 77 51 75 -9 91 70 72 35 40 41 60 -13 13 94 73 91 41 -2 47 19 40 -5 89 52 81 12 30 3 44 -3 70 30
91 -2 -17 61 1 58 78 43 -7 35 49 52 8 43 4 -15 29 30 66 42 -16 15 39 28 -15 41 28 -13 66 47 -5 89 24 93 11 40 5 24 86 60 58 91 41 77 84 4 35 44 52 -1 50 67 19 -6 -13 50 5 16 64 -1 62 65 15 -19 2 81 -16 -7 33 32 -9 89 44 59 3 85 -15 10 86 51 -3 33 31 86 2 50 44 46 -2 2 99 6 -2 51 99 66 43 99 -2 47
85 43 10 0 5 74 41 13 15 67 53 7 88 44 32 18 60 64 51 66 75 88 13 57 12 21 39 7 11 82 21 51 72 71 63 25 96 80 41 5 23 40 8 55 93 -8 -18 96 17 -11 32 59 76 41 62 31 40 40 98 60 0 5 69 28 81 22 54 53 90 22 20 20 24 1 -1 76 85 93 89 7 -6 8 99 84 90 28 37 97 65 66 -10 3 -12 -10 29 44 19 -17 55 84
-3 18 26 91 -6 7 33 -11 47 20 65 -16 14 16 75 98 44 -13 -12 7 15 12 1 97 47 76 79 24 59 33 1 21 64 -11 -5 65 30 72 63 59 36 59 38 98 61 23 -14 40 10 29 -15 64 98 7 4 9 -1 78 33 58 75 -18 21 -15 43 -9 6 87 83 70 25 62 2 51 15 -10 32 -4 62 -12 13 66 -3 44 75 33 87 17 38 -2 84 50 3 85 68 -1 23 1 37 20
9 -17 23 45 -13 13 6 84 -11 14 0 30 99 17 8 -4 25 52 42 33 75 83 87 -1 41 -10 75 80 99 33 86 25 65 -11 16 41 39 79 81 27 55 -1 64 7 55 -20 33 72 60 -17 -12 98 15 29 44 50 -17 17 37 19 95 9 50 86 98 7 46 89 60 99 41 27 19 78 5 -1 -10 74 90 95 92 -15 -2 20 17 44 89 83 4 -10 41 81 84 7 81 10 -4 44 -17 -2
60 31 -10 94 -5 3 -15 -11 34 92 97 90 98 52 -7 70 81 -8 15 17 -15 61 -2 65 -7 21 -14 30 48 94 28 47 55 37 15 65 -10 -18 34 58 50 -16 -1 25 94 31 82 64 87 49 -10 92 92 14 37 -3 -10 81 87 81 -3 -12 85 61 35 27 14 -17 77 72 9 62 22 95 12 35 30 -6 -20 68 28 24 94 13 63 65 -18 42 -20 5 -10 44 3 22 26 88 98 91 -15 46
22 63 78 -1 31 81 95 96 28 -19 78 7 -9 19 39 12 50 54 1 2 98 0 40 94 26 -20 50 63 99 -12 -15 54 -5 84 24 88 20 -1 18 9 7 0 -1 68 64 59 72 40 -12 30 77 53 0 82 5 0 67 -10 62 67 -1 -10 70 96 84 -9 65 71 62 39 27 -10 56 43 56 73 96 57 66 -14 13 23 52 -6 38 51 37 81 69 20 46 27 -19 33 63 -12 71 97 -1 61
83 90 51 78 93 70 33 94 6 -13 53 42 45 34 68 2 77 99 63 -14 25 14 66 24 -19 -11 78 57 46 80 91 73 5 65 26 18 56 18 42 84 -14 75 73 -17 69 24 -2 29 92 90 21 35 85 29 34 17 55 90 89 0 1 94 61 83 92 19 8 -14 73 29 19 -5 61 -9 70 17 -4 79 42 2 44 56 -11 3 92 63 54 71 -12 40 1 56 -2 9 85 -3 6 63 -12 92
71 -16 -5 34 30 49 11 41 18 -15 95 -15 4 53 80 99 67 -3 69 41 51 39 78 34 7 19 42 45 -11 79 64 27 26 -12 67 34 29 96 2 23 16 -3 31 68 28 41 53 -6 68 24 88 8 5 64 24 61 60 91 22 11 40 2 10 45 90 -9 60 98 67 20 25 2 45 -6 32 64 52 29 38 25 86 86 -9 60 -16 41 6 66 -5 -7 71 24 16 32 99 91 96 27 -13 67
7 -20 -15 67 97 50 3 63 -3 63 81 95 41 97 58 60 94 11 9 73 70 -12 70 -12 12 41 10 36 43 -2 75 44 89 74 41 25 68 -20 48 25 -2 81 -9 85 21 56 72 89 71 87 10 25 84 62 -13 46 -12 52 57 89 -5 18 11 -2 33 37 19 93 55 48 -17 30 79 65 96 19 43 58 19 18 1 27 23 66 38 46 93 -18 16 20 78 17 40 54 58 41 48 21 93 78
57 38 79 45 1 49 -4 16 59 65 65 72 78 1 56 22 67 -12 38 70 25 30 59 29 -13 33 73 36 85 83 8 93 19 22 66 46 -5 79 51 4 59 -12 -13 -6 14 72 47 42 27 32 20 99 78 91 6 12 12 -3 -16 88 73 69 -12 74 36 88 6 18 37 5 28 97 85 -13 1 17 -17 7 50 89 46 59 72 -8 80 11 56 71 25 65 39 76 74 -4 57 12 36 28 36 49
-8 58 88 4 -16 30 27 29 19 48 34 81 61 35 66 27 53 -18 0 -2 68 -11 93 1 3 16 -9 -20 91 -5 12 2 42 30 24 72 37 -19 88 13 33 34 79 -14 63 33 82 12 16 5 32 -8 4 65 76 -18 -7 98 85 97 98 91 -19 -10 30 0 33 27 59 16 17 98 58 37 81 85 92 93 31 -4 86 94 -18 -19 9 -3 2 28 62 88 52 76 0 37 89 4 1 58 86 -19
50 47 -2 59 85 81 48 -6 -19 96 34 27 25 67 59 63 20 34 64 19 -15 20 77 44 29 26 54 37 5 -5 38 15 50 82 31 17 10 62 11 8 1 32 36 56 40 18 31 51 68 62 78 90 98 68 45 82 98 80 53 97 73 75 24 33 52 -15 84 -5 41 68 28 -16 80 -9 58 12 99 77 26 52 82 34 51 17 34 82 71 94 62 89 94 47 -10 43 61 -14 71 77 77 2
35 83 57 97 99 11 -17 78 42 34 67 -8 52 22 57 74 -9 68 58 31 57 43 32 31 10 9 61 35 67 28 9 61 87 3 67 -12 97 14 -14 95 62 91 99 -1 29 67 22 26 60 52 45 61 20 0 21 50 -1 -2 -16 11 25 0 89 85 22 4 33 80 50 -9 -14 -2 87 -9 67 10 82 47 67 36 54 -15 89 26 70 15 75 8 85 74 13 83 16 -17 -3 -14 22 47 -11 6
87 45 80 -12 35 -10 57 33 -4 76 32 5 31 -13 30 83 7 -8 35 24 -5 94 6 90 16 67 85 27 18 18 61 86 39 2 92 33 68 32 61 11 76 -16 77 88 46 58 92 83 47 51 61 19 57 80 97 89 50 74 80 17 47 79 66 79 18 21 38 92 81 77 73 73 66 69 73 91 -4 14 18 88 95 31 41 0 -17 66 39 56 69 46 8 99 15 44 68 74 72 6 38 6
83 13 11 66 20 -14 -11 62 40 63 73 66 86 6 54 8 86 10 0 46 89 -2 -13 98 64 19 27 78 50 61 11 -10 73 -16 29 7 20 -17 82 27 50 85 42 82 29 0 21 75 45 26 27 43 39 26 98 45 69 26 46 60 -17 26 -18 21 43 78 77 95 89 19 -3 55 42 -8 -13 0 83 35 55 -8 36 25 82 97 30 89 5 5 27 -13 7 43 56 85 55 66 81 23 -5 3
60 56 41 77 -7 88 84 3 -16 96 -6 48 75 62 -5 -19 86 13 60 34 44 -3 52 4 36 31 46 6 36 83 -7 51 36 5 5 26 -2 -2 79 91 4 7 -10 34 75 -5 15 -6 47 45 -18 59 88 40 -18 86 75 -18 75 48 99 59 78 46 73 10 0 81 33 88 66 98 88 72 45 -1 27 71 14 22 50 89 28 41 -3 36 85 26 45 43 13 65 86 53 25 85 27 40 91 80
43 47 63 21 3 84 -11 6 60 82 31 9 38 98 78 27 85 40 89 0 83 47 22 65 62 43 -5 87 27 69 70 71 91 84 84 55 29 25 96 -16 37 -4 -12 -20 -20 30 68 -14 47 38 73 -17 28 32 -4 23 58 75 36 37 40 26 41 31 -7 69 65 -10 31 -7 -12 -12 46 37 59 7 50 46 30 -19 44 46 54 32 8 32 32 76 98 87 99 -18 59 63 68 16 30 36 56 18
48 66 97 83 63 -19 -19 -15 90 34 60 93 -6 94 24 2 64 29 41 -17 87 61 42 43 18 61 54 1 -15 40 32 36 16 30 97 93 17 12 90 10 -12 -5 -11 49 51 39 15 86 59 -7 49 -7 24 7 95 36 15 2 96 67 2 64 88 28 72 28 90 97 -13 91 26 -4 46 7 74 50 87 -15 91 43 33 99 6 2 29 -20 27 80 66 63 27 53 90 -10 -15 9 31 51 22 32
22 0 45 21 18 8 51 72 -3 85 75 50 51 42 90 8 87 52 -10 -1 17 53 -20 56 -8 -7 99 92 -11 53 43 -7 24 -4 66 5 64 20 -8 82 5 33 49 -5 7 48 59 54 36 -17 24 42 -10 -5 46 59 68 25 -18 68 99 89 2 53 27 40 26 53 30 61 16 57 95 46 3 69 80 -4 -7 26 95 37 81 41 41 0 56 23 38 78 57 34 88 79 90 59 55 -14 5 92
54 98 -3 -20 -12 13 58 57 11 78 62 77 85 46 0 12 24 22 17 76 -17 56 38 46 84 15 93 -20 98 -4 99 -12 88 82 -19 76 3 92 6 30 66 -18 8 -2 56 82 6 41 93 4 18 57 -18 15 11 95 7 1 97 24 38 -20 44 26 -6 71 -15 96 84 5 6 5 -20 84 49 62 71 57 -13 27 87 -14 3 95 92 51 97 -11 -14 -19 55 46 99 36 -9 88 70 64 97 25
47 -17 -5 77 -6 40 95 68 34 3 71 56 23 88 -20 61 0 53 63 89 52 3 87 38 -1 43 77 -10 43 77 21 -17 53 50 54 39 58 43 18 57 90 8 74 32 68 46 44 68 -14 67 55 -13 37 91 65 90 60 25 -2 99 58 62 -12 97 6 13 45 98 30 51 20 77 22 49 43 68 86 60 -3 3 66 30 8 26 86 -10 29 79 -7 62 58 0 57 75 95 -8 56 90 89 55
70 97 4 55 55 36 60 68 -11 50 93 -13 17 63 -15 63 14 26 -6 -8 95 1 -15 61 35 44 38 51 93 40 65 6 25 70 89 47 75 27 99 23 -6 48 53 28 86 60 67 89 46 25 65 67 53 -4 10 -7 53 89 49 43 -20 31 31 -2 23 88 -12 -18 60 -12 33 86 -20 38 45 21 25 79 6 73 -4 9 34 64 19 79 7 68 81 75 -8 -17 70 7 25 24 24 -15 93 52
90 57 -3 25 12 -4 76 -10 51 94 41 31 58 -4 45 96 9 -16 6 -8 22 72 11 0 -15 80 8 19 -3 47 28 72 11 24 33 -2 80 -13 -12 57 19 99 70 50 16 80 58 51 40 56 40 34 68 17 -7 5 39 27 68 96 4 68 96 -5 -7 83 51 8 -14 33 59 27 -7 21 27 35 52 95 0 72 -9 95 60 53 -12 47 35 23 72 14 69 70 8 55 83 13 -13 -15 20 5
50 32 58 31 53 36 73 81 48 96 0 39 87 37 12 78 69 32 33 78 19 18 26 70 22 95 -13 77 34 -6 12 -18 46 94 65 -6 8 23 64 -19 35 90 27 98 78 -13 14 72 47 78 11 89 48 40 92 40 -8 14 97 35 37 30 27 10 40 45 -16 63 34 -16 80 78 -18 95 -10 23 38 71 44 97 83 0 24 97 87 -10 59 -5 37 -13 85 80 28 69 73 98 24 59 70 36
25 -10 8 53 40 62 12 86 47 91 4 1 0 85 2 13 33 54 7 8 94 22 46 68 7 -9 37 93 52 42 20 81 15 -15 -14 17 41 63 68 72 47 13 46 73 54 87 55 6 29 -18 8 -18 -6 -9 46 78 95 84 -16 4 78 1 11 0 3 -15 28 19 89 10 69 12 88 63 -20 81 54 5 24 11 75 24 46 -2 17 94 99 -17 35 36 82 38 13 16 16 86 5 15 87 43
1 39 8 59 97 32 12 56 -18 31 45 69 44 -13 8 79 99 35 62 -18 52 87 51 -12 34 31 -10 29 -2 25 -13 48 -16 15 85 29 -13 95 96 23 1 -11 14 4 46 86 31 82 9 78 -9 60 -16 5 3 62 28 -18 -20 21 77 -8 47 19 71 8 -20 65 5 -10 -10 21 68 15 98 -9 44 67 35 31 42 0 21 97 25 79 41 43 35 -11 73 -18 91 45 29 27 84 75 44 -8
47 84 55 75 65 -11 98 95 -5 81 76 29 39 7 2 68 -1 43 71 51 31 36 -2 -1 -2 6 51 81 33 1 -9 89 -14 57 82 1 55 15 -2 19 -19 80 -6 4 38 53 -4 93 73 11 11 -8 33 99 3 0 96 60 26 12 86 24 83 61 52 -11 -7 62 22 29 -18 84 49 40 -4 45 -15 72 12 46 55 5 30 96 8 -14 88 74 73 96 -14 85 -15 1 89 76 88 96 98 98
15 79 82 -7 8 89 83 96 8 81 10 44 81 -13 87 59 61 82 69 45 -17 9 10 11 -12 5 57 85 67 50 -2 6 -15 62 42 75 8 35 16 20 41 73 46 98 47 43 24 -14 6 25 97 8 76 -2 44 64 63 59 35 32 63 27 37 -14 77 80 37 49 76 78 80 2 54 15 8 94 98 79 87 52 61 40 29 36 23 33 86 81 88 74 -2 -18 3 -4 87 77 -15 -17 92 -4
-15 91 86 34 94 82 -17 40 90 6 29 34 18 80 42 96 65 -7 -7 -16 1 28 11 15 63 83 43 16 63 65 63 12 97 -16 89 67 -14 84 4 81 5 32 10 -20 67 55 45 53 81 62 45 -11 18 8 -14 90 36 73 83 67 -17 0 14 64 35 54 64 -19 -15 20 87 -8 69 37 78 33 98 -1 9 -14 55 64 26 7 57 62 11 40 81 55 5 93 87 26 88 17 23 38 4 97
19 -6 80 31 -7 45 57 10 31 7 -3 0 84 -9 -1 31 80 -10 46 73 78 3 10 22 25 1 15 86 38 54 21 63 73 78 6 -13 98 -8 18 62 -16 54 16 79 -2 -13 30 -19 86 32 -14 44 44 55 82 79 -12 4 81 16 15 48 19 70 73 88 -5 15 62 94 82 14 95 70 43 94 -8 4 -19 88 20 44 41 41 82 33 76 80 81 75 79 38 34 67 53 39 86 48 5 24
64 7 9 18 91 -18 22 22 7 2 77 48 -8 98 33 33 48 11 10 16 -1 -11 89 17 24 6 61 49 5 78 69 49 21 19 47 49 93 14 65 -10 93 -11 94 -18 28 -6 -13 12 47 -4 42 72 70 -12 39 81 23 -13 -7 5 24 18 75 24 71 74 12 3 44 46 43 -9 41 13 55 66 96 -12 -9 81 30 20 93 7 71 31 72 -11 66 89 74 3 -10 61 87 -11 -3 45 71 -15
48 22 -10 24 -5 19 10 75 91 81 -20 97 69 27 -5 6 72 62 29 86 54 24 64 90 79 13 16 -7 31 82 65 27 17 -2 48 -14 -20 -3 29 74 69 -1 84 59 92 9 68 77 83 2 78 43 -3 40 98 -6 4 -13 -17 84 46 3 91 -8 32 94 50 -11 -5 85 73 71 22 31 37 80 28 94 63 67 16 81 99 93 6 65 90 4 20 -8 53 85 25 6 26 57 -4 86 60 56
