0.324747
0.0796548
0.222643
-0.0782234
-0.473561
-0.0957272
0.459645
-0.0390743
-0.0809659
-0.0800691
0.21821
0.0687069
0.0894743
0.230386
0.0100725
0.14098
0.260005
-0.206353
0.250121
0.3611
0.130273
0.435368
0.308369
-0.04702
0.106362
0.277297
0.133199
-0.0298681
0.134883
-0.0383026
0.102877
-0.0087476
0.154706
-0.242401
0.131905
0.200104
-0.247535
-0.174727
-0.108958
-0.0503801
-0.176326
0.166344
0.0282757
0.188786
-0.0393373
0.0646735
-0.0801031
-0.0715369
-0.202081
-0.194726
0.338771
0.233846
-0.202502
-0.389496
0.350539
-0.0683651
0.0514194
0.221662
-0.305989
-0.177459
-0.11995
-0.114349
0.0225225
-0.301783
-0.102185
-0.235923
-0.105543
-0.0878086
-0.141455
-0.179046
-0.0649722
-0.291956
0.759562
0.134335
-0.0479836
-0.46559
-0.00427089
0.203733
-0.220254
0.241576
-0.448408
-0.272517
-0.278986
-0.252441
0.159274
0.236494
-0.185184
-0.0345883
0.0188024
0.188865
-0.0848229
0.372088
-0.0518974
0.288493
0.0670099
0.109592
-0.279499
0.223286
0.0861398
0.260358
