Node Number	X Location (m)	Y Location (m)	Z Location (m)	Total Deformation (m)
1	4,e-002	-2,2662e-017	1,e-002	2,7182e-006
2	3,9126e-002	8,3165e-003	1,e-002	2,8416e-006
3	3,6542e-002	1,6269e-002	1,e-002	2,9866e-006
4	3,2361e-002	2,3511e-002	1,e-002	3,1925e-006
5	2,6765e-002	2,9726e-002	1,e-002	3,1743e-006
6	2,e-002	3,4641e-002	1,e-002	2,9812e-006
7	1,2361e-002	3,8042e-002	1,e-002	2,7618e-006
8	4,1811e-003	3,9781e-002	1,e-002	2,5998e-006
9	-4,1811e-003	3,9781e-002	1,e-002	2,6902e-006
10	-1,2361e-002	3,8042e-002	1,e-002	2,8648e-006
11	-2,e-002	3,4641e-002	1,e-002	3,144e-006
12	-2,6765e-002	2,9726e-002	1,e-002	3,2893e-006
13	-3,2361e-002	2,3511e-002	1,e-002	3,1955e-006
14	-3,6542e-002	1,6269e-002	1,e-002	3,1048e-006
15	-3,9126e-002	8,3165e-003	1,e-002	2,9872e-006
16	-4,e-002	2,4286e-017	1,e-002	2,9928e-006
17	-3,9126e-002	-8,3165e-003	1,e-002	2,9709e-006
18	-3,6542e-002	-1,6269e-002	1,e-002	3,1141e-006
19	-3,2361e-002	-2,3511e-002	1,e-002	3,2098e-006
20	-2,6765e-002	-2,9726e-002	1,e-002	3,138e-006
21	-2,e-002	-3,4641e-002	1,e-002	3,1019e-006
22	-1,2361e-002	-3,8042e-002	1,e-002	2,7745e-006
23	-4,1811e-003	-3,9781e-002	1,e-002	2,7147e-006
24	4,1811e-003	-3,9781e-002	1,e-002	2,6843e-006
25	1,2361e-002	-3,8042e-002	1,e-002	2,8484e-006
26	2,e-002	-3,4641e-002	1,e-002	3,1071e-006
27	2,6765e-002	-2,9726e-002	1,e-002	3,1355e-006
28	3,2361e-002	-2,3511e-002	1,e-002	3,1808e-006
29	3,6542e-002	-1,6269e-002	1,e-002	2,9532e-006
30	3,9126e-002	-8,3165e-003	1,e-002	2,8549e-006
31	4,e-002	-2,2662e-017	2,e-002	3,6509e-006
32	3,9126e-002	8,3165e-003	2,e-002	3,6027e-006
33	3,6542e-002	1,6269e-002	2,e-002	3,5273e-006
34	3,2361e-002	2,3511e-002	2,e-002	3,5481e-006
35	2,6765e-002	2,9726e-002	2,e-002	3,3842e-006
36	2,e-002	3,4641e-002	2,e-002	3,3816e-006
37	1,2361e-002	3,8042e-002	2,e-002	3,3121e-006
38	4,1811e-003	3,9781e-002	2,e-002	3,3673e-006
39	-4,1811e-003	3,9781e-002	2,e-002	3,3827e-006
40	-1,2361e-002	3,8042e-002	2,e-002	3,4163e-006
41	-2,e-002	3,4641e-002	2,e-002	3,5157e-006
42	-2,6765e-002	2,9726e-002	2,e-002	3,4787e-006
43	-3,2361e-002	2,3511e-002	2,e-002	3,5828e-006
44	-3,6542e-002	1,6269e-002	2,e-002	3,6549e-006
45	-3,9126e-002	8,3165e-003	2,e-002	3,5659e-006
46	-4,e-002	2,4286e-017	2,e-002	3,6219e-006
47	-3,9126e-002	-8,3165e-003	2,e-002	3,5652e-006
48	-3,6542e-002	-1,6269e-002	2,e-002	3,5141e-006
49	-3,2361e-002	-2,3511e-002	2,e-002	3,579e-006
50	-2,6765e-002	-2,9726e-002	2,e-002	3,5799e-006
51	-2,e-002	-3,4641e-002	2,e-002	3,5341e-006
52	-1,2361e-002	-3,8042e-002	2,e-002	3,4139e-006
53	-4,1811e-003	-3,9781e-002	2,e-002	3,3995e-006
54	4,1811e-003	-3,9781e-002	2,e-002	3,4474e-006
55	1,2361e-002	-3,8042e-002	2,e-002	3,527e-006
56	2,e-002	-3,4641e-002	2,e-002	3,5103e-006
57	2,6765e-002	-2,9726e-002	2,e-002	3,5333e-006
58	3,2361e-002	-2,3511e-002	2,e-002	3,4893e-006
59	3,6542e-002	-1,6269e-002	2,e-002	3,547e-006
60	3,9126e-002	-8,3165e-003	2,e-002	3,5515e-006
61	6,e-002	7,3479e-018	2,e-002	2,5997e-006
62	5,9416e-002	8,3504e-003	2,e-002	2,5081e-006
63	5,7676e-002	1,6538e-002	2,e-002	2,3243e-006
64	5,4813e-002	2,4404e-002	2,e-002	2,086e-006
65	5,0883e-002	3,1795e-002	2,e-002	1,8706e-006
66	4,5963e-002	3,8567e-002	2,e-002	1,7426e-006
67	4,0148e-002	4,4589e-002	2,e-002	1,7219e-006
68	3,3552e-002	4,9742e-002	2,e-002	1,8315e-006
69	2,6302e-002	5,3928e-002	2,e-002	1,9887e-006
70	1,8541e-002	5,7063e-002	2,e-002	2,2536e-006
71	1,0419e-002	5,9088e-002	2,e-002	2,4314e-006
72	2,094e-003	5,9963e-002	2,e-002	2,4926e-006
73	-6,2717e-003	5,9671e-002	2,e-002	2,4412e-006
74	-1,4515e-002	5,8218e-002	2,e-002	2,2847e-006
75	-2,2476e-002	5,5631e-002	2,e-002	2,0369e-006
76	-3,e-002	5,1962e-002	2,e-002	1,8432e-006
77	-3,694e-002	4,7281e-002	2,e-002	1,671e-006
78	-4,316e-002	4,168e-002	2,e-002	1,7054e-006
79	-4,8541e-002	3,5267e-002	2,e-002	1,8371e-006
80	-5,2977e-002	2,8168e-002	2,e-002	1,9792e-006
81	-5,6382e-002	2,0521e-002	2,e-002	2,179e-006
82	-5,8689e-002	1,2475e-002	2,e-002	2,3557e-006
83	-5,9854e-002	4,1854e-003	2,e-002	2,3509e-006
84	-5,9854e-002	-4,1854e-003	2,e-002	2,3116e-006
85	-5,8689e-002	-1,2475e-002	2,e-002	2,282e-006
86	-5,6382e-002	-2,0521e-002	2,e-002	2,1115e-006
87	-5,2977e-002	-2,8168e-002	2,e-002	1,9999e-006
88	-4,8541e-002	-3,5267e-002	2,e-002	1,8873e-006
89	-4,316e-002	-4,168e-002	2,e-002	1,8409e-006
90	-3,694e-002	-4,7281e-002	2,e-002	1,8745e-006
91	-3,e-002	-5,1962e-002	2,e-002	1,9515e-006
92	-2,2476e-002	-5,5631e-002	2,e-002	2,1428e-006
93	-1,4515e-002	-5,8218e-002	2,e-002	2,3794e-006
94	-6,2717e-003	-5,9671e-002	2,e-002	2,5118e-006
95	2,094e-003	-5,9963e-002	2,e-002	2,5319e-006
96	1,0419e-002	-5,9088e-002	2,e-002	2,503e-006
97	1,8541e-002	-5,7063e-002	2,e-002	2,3365e-006
98	2,6302e-002	-5,3928e-002	2,e-002	2,0986e-006
99	3,3552e-002	-4,9742e-002	2,e-002	1,9014e-006
100	4,0148e-002	-4,4589e-002	2,e-002	1,8925e-006
101	4,5963e-002	-3,8567e-002	2,e-002	1,8513e-006
102	5,0883e-002	-3,1795e-002	2,e-002	2,0067e-006
103	5,4813e-002	-2,4404e-002	2,e-002	2,2015e-006
104	5,7676e-002	-1,6538e-002	2,e-002	2,4186e-006
105	5,9416e-002	-8,3504e-003	2,e-002	2,5983e-006
106	6,e-002	7,3479e-018	0,	7,13e-007
107	5,9416e-002	8,3504e-003	0,	7,4572e-007
108	5,7676e-002	1,6538e-002	0,	8,3513e-007
109	5,4813e-002	2,4404e-002	0,	8,7618e-007
110	5,0883e-002	3,1795e-002	0,	9,1158e-007
111	4,5963e-002	3,8567e-002	0,	1,017e-006
112	4,0148e-002	4,4589e-002	0,	1,0709e-006
113	3,3552e-002	4,9742e-002	0,	1,1251e-006
114	2,6302e-002	5,3928e-002	0,	1,0452e-006
115	1,8541e-002	5,7063e-002	0,	9,5537e-007
116	1,0419e-002	5,9088e-002	0,	8,696e-007
117	2,094e-003	5,9963e-002	0,	7,7816e-007
118	-6,2717e-003	5,9671e-002	0,	7,3479e-007
119	-1,4515e-002	5,8218e-002	0,	8,6861e-007
120	-2,2476e-002	5,5631e-002	0,	9,5753e-007
121	-3,e-002	5,1962e-002	0,	1,0535e-006
122	-3,694e-002	4,7281e-002	0,	1,0658e-006
123	-4,316e-002	4,168e-002	0,	1,0405e-006
124	-4,8541e-002	3,5267e-002	0,	1,0278e-006
125	-5,2977e-002	2,8168e-002	0,	9,7387e-007
126	-5,6382e-002	2,0521e-002	0,	9,1812e-007
127	-5,8689e-002	1,2475e-002	0,	7,8523e-007
128	-5,9854e-002	4,1854e-003	0,	6,8119e-007
129	-5,9854e-002	-4,1854e-003	0,	7,3882e-007
130	-5,8689e-002	-1,2475e-002	0,	7,8663e-007
131	-5,6382e-002	-2,0521e-002	0,	9,1695e-007
132	-5,2977e-002	-2,8168e-002	0,	1,0592e-006
133	-4,8541e-002	-3,5267e-002	0,	1,0639e-006
134	-4,316e-002	-4,168e-002	0,	1,0616e-006
135	-3,694e-002	-4,7281e-002	0,	1,0554e-006
136	-3,e-002	-5,1962e-002	0,	1,0094e-006
137	-2,2476e-002	-5,5631e-002	0,	1,0288e-006
138	-1,4515e-002	-5,8218e-002	0,	9,2244e-007
139	-6,2717e-003	-5,9671e-002	0,	8,1413e-007
140	2,094e-003	-5,9963e-002	0,	8,0552e-007
141	1,0419e-002	-5,9088e-002	0,	8,9273e-007
142	1,8541e-002	-5,7063e-002	0,	9,2198e-007
143	2,6302e-002	-5,3928e-002	0,	9,7483e-007
144	3,3552e-002	-4,9742e-002	0,	1,0157e-006
145	4,0148e-002	-4,4589e-002	0,	1,0459e-006
146	4,5963e-002	-3,8567e-002	0,	9,6924e-007
147	5,0883e-002	-3,1795e-002	0,	9,7686e-007
148	5,4813e-002	-2,4404e-002	0,	9,3195e-007
149	5,7676e-002	-1,6538e-002	0,	8,6227e-007
150	5,9416e-002	-8,3504e-003	0,	7,9012e-007
151	3,e-003	-5,e-002	2,e-002	2,5866e-006
152	1,5e-003	-4,7402e-002	2,e-002	2,7924e-006
153	-1,5e-003	-4,7402e-002	2,e-002	2,7803e-006
154	-3,e-003	-5,e-002	2,e-002	2,5723e-006
155	-1,5e-003	-5,2598e-002	2,e-002	2,4513e-006
156	1,5e-003	-5,2598e-002	2,e-002	2,4778e-006
157	3,e-003	5,e-002	2,e-002	2,5361e-006
158	1,5e-003	5,2598e-002	2,e-002	2,4151e-006
159	-1,5e-003	5,2598e-002	2,e-002	2,3949e-006
160	-3,e-003	5,e-002	2,e-002	2,5166e-006
161	-1,5e-003	4,7402e-002	2,e-002	2,7346e-006
162	1,5e-003	4,7402e-002	2,e-002	2,7319e-006
163	-4,8733e-002	3,6739e-019	2,e-002	2,7825e-006
164	-5,0233e-002	2,5981e-003	2,e-002	2,6222e-006
165	-5,3233e-002	2,5981e-003	2,e-002	2,412e-006
166	-5,4733e-002	8,6736e-019	2,e-002	2,342e-006
167	-5,3233e-002	-2,5981e-003	2,e-002	2,3753e-006
168	-5,0233e-002	-2,5981e-003	2,e-002	2,6442e-006
169	5,4733e-002	3,6739e-019	2,e-002	2,5391e-006
170	5,3233e-002	2,5981e-003	2,e-002	2,5591e-006
171	5,0233e-002	2,5981e-003	2,e-002	2,6993e-006
172	4,8733e-002	8,6736e-019	2,e-002	2,8259e-006
173	5,0233e-002	-2,5981e-003	2,e-002	2,7269e-006
174	5,3233e-002	-2,5981e-003	2,e-002	2,5989e-006
175	3,e-003	-5,e-002	0,	0,
176	1,5e-003	-4,7402e-002	0,	0,
177	-1,5e-003	-4,7402e-002	0,	0,
178	-3,e-003	-5,e-002	0,	0,
179	-1,5e-003	-5,2598e-002	0,	0,
180	1,5e-003	-5,2598e-002	0,	0,
181	3,e-003	5,e-002	0,	0,
182	1,5e-003	5,2598e-002	0,	0,
183	-1,5e-003	5,2598e-002	0,	0,
184	-3,e-003	5,e-002	0,	0,
185	-1,5e-003	4,7402e-002	0,	0,
186	1,5e-003	4,7402e-002	0,	0,
187	-4,8733e-002	3,6739e-019	0,	0,
188	-5,0233e-002	2,5981e-003	0,	0,
189	-5,3233e-002	2,5981e-003	0,	0,
190	-5,4733e-002	8,6736e-019	0,	0,
191	-5,3233e-002	-2,5981e-003	0,	0,
192	-5,0233e-002	-2,5981e-003	0,	0,
193	5,4733e-002	3,6739e-019	0,	0,
194	5,3233e-002	2,5981e-003	0,	0,
195	5,0233e-002	2,5981e-003	0,	0,
196	4,8733e-002	8,6736e-019	0,	0,
197	5,0233e-002	-2,5981e-003	0,	0,
198	5,3233e-002	-2,5981e-003	0,	0,
199	3,e-002	3,6739e-018	0,	5,0398e-006
200	2,8888e-002	8,0939e-003	0,	5,2139e-006
201	2,5633e-002	1,5588e-002	0,	5,4682e-006
202	2,0477e-002	2,1925e-002	0,	5,6236e-006
203	1,3802e-002	2,6637e-002	0,	5,2595e-006
204	6,1037e-003	2,9373e-002	0,	5,1581e-006
205	-2,0473e-003	2,993e-002	0,	4,9453e-006
206	-1,0046e-002	2,8268e-002	0,	5,2071e-006
207	-1,73e-002	2,4509e-002	0,	5,5944e-006
208	-2,3271e-002	1,8933e-002	0,	5,6902e-006
209	-2,7516e-002	1,1952e-002	0,	5,6839e-006
210	-2,9721e-002	4,085e-003	0,	5,5466e-006
211	-2,9721e-002	-4,085e-003	0,	5,5979e-006
212	-2,7516e-002	-1,1952e-002	0,	5,6076e-006
213	-2,3271e-002	-1,8933e-002	0,	5,6063e-006
214	-1,73e-002	-2,4509e-002	0,	5,504e-006
215	-1,0046e-002	-2,8268e-002	0,	5,2052e-006
216	-2,0473e-003	-2,993e-002	0,	5,1595e-006
217	6,1037e-003	-2,9373e-002	0,	5,2281e-006
218	1,3802e-002	-2,6637e-002	0,	5,4149e-006
219	2,0477e-002	-2,1925e-002	0,	5,6835e-006
220	2,5633e-002	-1,5588e-002	0,	5,5596e-006
221	2,8888e-002	-8,0939e-003	0,	5,2374e-006
222	3,e-002	3,6739e-018	1,e-002	5,4945e-006
223	2,8888e-002	8,0939e-003	1,e-002	5,6199e-006
224	2,5633e-002	1,5588e-002	1,e-002	5,721e-006
225	2,0477e-002	2,1925e-002	1,e-002	5,6817e-006
226	1,3802e-002	2,6637e-002	1,e-002	5,5952e-006
227	6,1037e-003	2,9373e-002	1,e-002	5,4143e-006
228	-2,0473e-003	2,993e-002	1,e-002	5,3849e-006
229	-1,0046e-002	2,8268e-002	1,e-002	5,439e-006
230	-1,73e-002	2,4509e-002	1,e-002	5,7484e-006
231	-2,3271e-002	1,8933e-002	1,e-002	5,8428e-006
232	-2,7516e-002	1,1952e-002	1,e-002	5,8525e-006
233	-2,9721e-002	4,085e-003	1,e-002	5,8677e-006
234	-2,9721e-002	-4,085e-003	1,e-002	5,852e-006
235	-2,7516e-002	-1,1952e-002	1,e-002	5,8143e-006
236	-2,3271e-002	-1,8933e-002	1,e-002	5,7778e-006
237	-1,73e-002	-2,4509e-002	1,e-002	5,6723e-006
238	-1,0046e-002	-2,8268e-002	1,e-002	5,4162e-006
239	-2,0473e-003	-2,993e-002	1,e-002	5,5038e-006
240	6,1037e-003	-2,9373e-002	1,e-002	5,5753e-006
241	1,3802e-002	-2,6637e-002	1,e-002	5,7435e-006
242	2,0477e-002	-2,1925e-002	1,e-002	5,758e-006
243	2,5633e-002	-1,5588e-002	1,e-002	5,714e-006
244	2,8888e-002	-8,0939e-003	1,e-002	5,5075e-006
245	-2,1729e-003	-4,7932e-002	1,4468e-002	2,0282e-006
246	-2,9945e-003	-4,9818e-002	6,6831e-003	7,8382e-007
247	2,0202e-003	-5,2218e-002	1,2282e-002	1,3825e-006
248	2,9655e-003	-5,0454e-002	5,2302e-003	5,6819e-007
249	-2,9944e-003	-5,0184e-002	1,49e-002	1,8752e-006
250	2,6968e-003	-4,8686e-002	1,0953e-002	1,4367e-006
251	-8,2189e-004	-5,2885e-002	6,8401e-003	7,2505e-007
252	-2,2213e-004	-4,7008e-002	8,5069e-003	1,3585e-006
253	-2,1729e-003	5,2068e-002	1,4468e-002	1,6468e-006
254	-2,9945e-003	5,0182e-002	6,6831e-003	6,9999e-007
255	2,0202e-003	4,7782e-002	1,2282e-002	1,7253e-006
256	2,9655e-003	4,9546e-002	5,2302e-003	6,179e-007
257	-2,9944e-003	4,9816e-002	1,49e-002	1,8423e-006
258	2,6968e-003	5,1314e-002	1,0953e-002	1,1839e-006
259	-8,2189e-004	4,7115e-002	6,8401e-003	1,1075e-006
260	-2,2213e-004	5,2992e-002	8,5069e-003	8,4899e-007
261	-4,8789e-002	5,7823e-004	1,2348e-002	1,8293e-006
262	-4,9998e-002	2,4475e-003	5,7797e-003	7,8427e-007
263	-5,0974e-002	2,9026e-003	1,2269e-002	1,5619e-006
264	-5,4729e-002	1,4172e-004	1,2597e-002	1,4403e-006
265	-5,131e-002	-2,9701e-003	1,4003e-002	1,7403e-006
266	-4,986e-002	-2,344e-003	7,3679e-003	1,0596e-006
267	5,4677e-002	5,7823e-004	1,2348e-002	1,4935e-006
268	5,3468e-002	2,4475e-003	5,7797e-003	6,4966e-007
269	5,2491e-002	2,9026e-003	1,2269e-002	1,5159e-006
270	4,8736e-002	1,4172e-004	1,2597e-002	1,892e-006
271	5,2155e-002	-2,9701e-003	1,4003e-002	1,798e-006
272	5,3605e-002	-2,344e-003	7,3679e-003	8,8457e-007
273	3,6588e-002	4,7553e-002	1,1009e-002	5,3978e-007
274	2,7285e-002	-5,3437e-002	1,0032e-002	6,6416e-007
275	5,6997e-002	-1,8745e-002	1,0605e-002	1,0805e-006
276	5,8269e-002	1,4307e-002	1,0605e-002	1,1118e-006
277	5,0511e-002	-3,2382e-002	1,0251e-002	6,0477e-007
278	5,1215e-002	3,1257e-002	1,0112e-002	5,4633e-007
279	-5,3604e-002	-2,6955e-002	1,0093e-002	5,9875e-007
280	1,9081e-002	5,6885e-002	1,0338e-002	9,1321e-007
281	-3,8732e-002	-4,5824e-002	1,0605e-002	5,0162e-007
282	3,9629e-002	-4,5051e-002	1,0251e-002	5,2334e-007
283	-2,7978e-002	5,3077e-002	1,0605e-002	5,4935e-007
284	-5,6742e-002	1,9503e-002	1,0029e-002	8,1815e-007
285	-1,6745e-002	-5,7616e-002	1,0605e-002	1,0651e-006
286	6,7139e-003	-5,9623e-002	1,1009e-002	1,3788e-006
287	2,7877e-003	5,9935e-002	1,0216e-002	1,266e-006
288	-4,6247e-002	3,8225e-002	1,1009e-002	4,8972e-007
289	-5,9801e-002	4,882e-003	1,02e-002	1,2879e-006
290	-2,6214e-002	-5,3971e-002	8,3413e-003	4,9171e-007
291	-5,8829e-002	-1,1794e-002	1,0251e-002	1,0304e-006
292	-1,3837e-002	5,8383e-002	1,02e-002	9,9281e-007
293	-3,9692e-002	4,4995e-002	8,0759e-003	1,812e-007
294	-2,7044e-003	-5,9939e-002	8,0759e-003	1,1064e-006
295	4,4332e-002	4,0432e-002	8,2244e-003	1,6506e-007
296	5,9723e-002	-5,7589e-003	1,0605e-002	1,4432e-006
297	-2,1401e-002	5,6053e-002	1,0648e-002	7,6881e-007
298	-7,9782e-003	-5,9467e-002	9,8471e-003	1,2072e-006
299	1,0728e-002	5,9033e-002	1,0138e-002	1,1711e-006
300	-5,5278e-003	5,9745e-002	1,0201e-002	1,1848e-006
301	7,1159e-003	3,8236e-002	0,	2,9652e-006
302	7,1159e-003	-3,8236e-002	0,	2,9366e-006
303	-3,7883e-002	5,7282e-003	0,	3,3706e-006
304	-3,7755e-002	-8,569e-003	0,	3,3107e-006
305	-8,0291e-003	3,9012e-002	0,	2,7306e-006
306	-8,0291e-003	-3,9012e-002	0,	2,8267e-006
307	4,1204e-002	5,5045e-003	0,	2,2048e-006
308	4,1212e-002	-5,4733e-003	0,	2,0986e-006
309	-3,8124e-002	2,355e-002	0,	2,5569e-006
310	-3,8124e-002	-2,355e-002	0,	2,4804e-006
311	1,9955e-002	-4,4025e-002	0,	1,6503e-006
312	1,0063e-002	-4,9331e-002	0,	7,3134e-007
313	1,9955e-002	4,4025e-002	0,	1,5353e-006
314	1,0987e-002	4,8221e-002	0,	9,8231e-007
315	-1,8262e-002	4,5548e-002	0,	1,5763e-006
316	-2,8193e-002	3,4549e-002	0,	2,654e-006
317	-1,8262e-002	-4,5548e-002	0,	1,4264e-006
318	-2,8193e-002	-3,4549e-002	0,	2,6299e-006
319	3,5798e-002	2,7077e-002	0,	2,5287e-006
320	3,5798e-002	-2,7077e-002	0,	2,4446e-006
321	4,6892e-002	-1,8461e-002	0,	1,3356e-006
322	4,689e-002	1,8466e-002	0,	1,3976e-006
323	-9,3055e-003	-4,8341e-002	0,	9,6401e-007
324	-9,3055e-003	4,8341e-002	0,	9,7836e-007
325	-4,8416e-002	-1,521e-002	0,	1,2872e-006
326	-4,8715e-002	1,4661e-002	0,	1,2972e-006
327	5,1451e-002	8,7137e-003	0,	5,1331e-007
328	5,1453e-002	-8,7086e-003	0,	4,6979e-007
329	3,641e-002	1,5231e-002	0,	3,2374e-006
330	3,641e-002	-1,5231e-002	0,	3,1846e-006
331	2,8387e-002	-3,5554e-002	0,	2,3637e-006
332	2,8387e-002	3,5554e-002	0,	2,4358e-006
333	-4,5339e-002	-3,8969e-003	0,	1,5504e-006
334	-4,563e-002	4,5745e-003	0,	1,5592e-006
335	-5,2254e-002	7,1025e-003	0,	5,1928e-007
336	-5,2307e-002	-7,0452e-003	0,	4,5013e-007
337	-2,5116e-003	4,3268e-002	0,	1,4891e-006
338	-2,5116e-003	-4,3268e-002	0,	1,3934e-006
339	5,855e-003	-5,4102e-002	0,	2,5344e-007
340	5,081e-002	1,023e-002	2,e-002	2,515e-006
341	5,2456e-002	-1,0249e-002	2,e-002	2,5064e-006
342	-8,0841e-003	4,5379e-002	2,e-002	2,7917e-006
343	-8,0841e-003	-4,5379e-002	2,e-002	2,8004e-006
344	-9,3079e-003	-5,3583e-002	2,e-002	2,3932e-006
345	-9,3079e-003	5,3583e-002	2,e-002	2,3155e-006
346	9,5277e-003	5,2562e-002	2,e-002	2,3533e-006
347	9,5277e-003	-5,2562e-002	2,e-002	2,4298e-006
348	4,578e-002	4,2289e-003	2,e-002	2,971e-006
349	-2,8636e-002	-4,2578e-002	9,6713e-003	1,2531e-006
350	2,72e-002	-4,1235e-002	1,2165e-002	1,7465e-006
351	6,3736e-003	-4,5533e-002	5,8008e-003	1,2524e-006
352	-2,8667e-002	3,7873e-002	1,2831e-002	2,1764e-006
353	6,2077e-003	5,3083e-002	6,7866e-003	5,1247e-007
354	-1,517e-002	-4,9065e-002	1,0408e-002	1,0843e-006
355	-3,8758e-002	-3,271e-002	1,1649e-002	1,5569e-006
356	5,2796e-002	-1,1222e-002	5,7653e-003	4,6167e-007
357	5,0889e-003	4,5058e-002	4,5615e-003	1,1581e-006
358	2,0116e-002	4,4816e-002	1,1031e-002	1,4818e-006
359	-8,8549e-003	5,2818e-002	6,7435e-003	4,8489e-007
360	6,6181e-003	4,6179e-002	1,5123e-002	2,1603e-006
361	1,2363e-002	-4,7586e-002	1,0336e-002	1,356e-006
362	-3,9572e-002	3,0634e-002	4,9881e-003	1,603e-006
363	4,7051e-002	-1,8663e-002	1,2405e-002	1,5382e-006
364	-4,4016e-002	1,5036e-002	9,0125e-003	1,8796e-006
365	5,47e-002	6,5541e-003	7,2829e-003	7,505e-007
366	5,7236e-003	-5,4457e-002	5,1645e-003	4,2145e-007
367	4,5158e-002	1,4358e-002	1,2715e-002	1,9548e-006
368	-5,1196e-002	8,5802e-003	1,5323e-002	1,8837e-006
369	-4,5513e-002	-1,593e-002	1,3278e-002	1,992e-006
370	-4,658e-002	-8,1996e-003	7,0011e-003	1,471e-006
371	-6,0844e-003	-5,3513e-002	4,4914e-003	2,5707e-007
372	-1,6759e-002	3,2797e-002	4,9998e-003	3,9047e-006
373	3,3002e-002	3,5961e-002	1,1979e-002	1,8382e-006
374	3,9553e-002	-3,0112e-002	9,4249e-003	1,561e-006
375	-1,6091e-002	4,7351e-002	1,2533e-002	1,5265e-006
376	1,2988e-002	3,6731e-002	4,8412e-003	2,998e-006
377	-4,5207e-002	-3,5799e-003	1,3863e-002	2,4053e-006
378	-7,2244e-003	4,5988e-002	4,9043e-003	1,2152e-006
379	-2,5931e-003	-5,5404e-002	1,4086e-002	1,6315e-006
380	-4,6608e-002	7,2559e-003	7,8584e-003	1,5246e-006
381	4,3003e-002	2,5892e-002	9,8896e-003	1,5013e-006
382	4,8663e-002	-9,8378e-003	1,1873e-002	1,6322e-006
383	-7,4955e-003	-4,8982e-002	1,1802e-002	1,4838e-006
384	6,2492e-003	-4,5829e-002	1,4642e-002	2,1727e-006
385	-6,7451e-003	5,0134e-002	1,1067e-002	1,248e-006
386	4,5445e-002	8,6658e-003	6,0938e-003	1,4983e-006
387	-4,4366e-002	1,2327e-017	5,e-003	1,7547e-006
388	4,8021e-002	8,1067e-003	1,1485e-002	1,634e-006
389	-2,8406e-003	4,3591e-002	1,5e-002	2,5464e-006
390	1,3406e-003	-4,3591e-002	1,5e-002	2,5793e-006
391	-3,3728e-003	5,4924e-002	4,0214e-003	3,0641e-007
392	-8,9102e-003	-4,5189e-002	5,4074e-003	1,3754e-006
393	1,21e-002	-3,3158e-002	5,e-003	3,9313e-006
394	-4,4744e-002	4,9638e-003	1,4617e-002	2,5442e-006
395	1,8747e-003	5,6711e-002	1,5465e-002	1,7654e-006
