Element Number	Element Type	Nodes	
1	Tet4	258	287	395	346	
2	Tet4	158	258	395	346	
3	Tet4	159	345	395	253	
4	Tet4	73	395	159	345	
5	Tet4	258	260	395	287	
6	Tet4	72	158	395	346	
7	Tet4	72	158	159	395	
8	Tet4	158	159	395	253	
9	Tet4	72	159	73	395	
10	Tet4	158	395	260	253	
11	Tet4	72	73	300	395	
12	Tet4	253	260	300	395	
13	Tet4	260	300	395	287	
14	Tet4	72	300	287	395	
15	Tet4	15	44	394	45	
16	Tet4	44	364	394	368	
17	Tet4	15	394	44	364	
18	Tet4	164	394	263	368	
19	Tet4	164	261	263	394	
20	Tet4	163	261	394	377	
21	Tet4	46	163	394	377	
22	Tet4	46	163	164	394	
23	Tet4	163	394	261	164	
24	Tet4	15	394	364	380	
25	Tet4	364	394	368	380	
26	Tet4	261	263	394	380	
27	Tet4	263	368	394	380	
28	Tet4	45	394	164	368	
29	Tet4	16	394	261	377	
30	Tet4	16	46	394	377	
31	Tet4	45	164	394	46	
32	Tet4	16	45	394	46	
33	Tet4	16	261	394	380	
34	Tet4	15	16	394	380	
35	Tet4	15	394	16	45	
36	Tet4	217	302	393	240	
37	Tet4	217	393	218	240	
38	Tet4	217	302	218	393	
39	Tet4	218	241	240	393	
40	Tet4	218	302	311	393	
41	Tet4	26	311	393	218	
42	Tet4	26	393	241	218	
43	Tet4	25	241	393	240	
44	Tet4	25	302	393	311	
45	Tet4	25	393	26	311	
46	Tet4	25	26	393	241	
47	Tet4	23	338	392	306	
48	Tet4	23	338	246	392	
49	Tet4	23	392	246	383	
50	Tet4	246	338	323	392	
51	Tet4	306	338	392	323	
52	Tet4	246	392	371	383	
53	Tet4	246	392	323	371	
54	Tet4	22	392	23	383	
55	Tet4	22	306	23	392	
56	Tet4	354	371	392	383	
57	Tet4	323	392	354	371	
58	Tet4	22	354	392	383	
59	Tet4	306	317	323	392	
60	Tet4	317	323	392	354	
61	Tet4	22	317	392	354	
62	Tet4	184	254	391	359	
63	Tet4	183	391	184	254	
64	Tet4	254	260	391	359	
65	Tet4	183	260	391	254	
66	Tet4	118	184	391	359	
67	Tet4	118	391	184	183	
68	Tet4	117	118	183	391	
69	Tet4	260	300	391	359	
70	Tet4	118	391	300	359	
71	Tet4	117	300	118	391	
72	Tet4	24	390	250	384	
73	Tet4	152	250	390	384	
74	Tet4	152	390	245	153	
75	Tet4	152	390	252	245	
76	Tet4	152	390	250	252	
77	Tet4	24	250	390	252	
78	Tet4	23	252	390	245	
79	Tet4	153	390	245	343	
80	Tet4	23	245	390	343	
81	Tet4	54	152	390	384	
82	Tet4	24	54	390	384	
83	Tet4	23	390	252	24	
84	Tet4	23	390	53	343	
85	Tet4	53	390	153	343	
86	Tet4	54	152	153	390	
87	Tet4	23	390	24	53	
88	Tet4	24	53	390	54	
89	Tet4	53	153	390	54	
90	Tet4	8	389	38	255	
91	Tet4	8	9	38	389	
92	Tet4	38	389	162	255	
93	Tet4	38	162	389	39	
94	Tet4	9	389	10	39	
95	Tet4	9	38	389	39	
96	Tet4	161	162	389	255	
97	Tet4	39	162	389	161	
98	Tet4	39	342	161	389	
99	Tet4	257	389	342	385	
100	Tet4	161	342	257	389	
101	Tet4	161	389	259	255	
102	Tet4	9	389	259	385	
103	Tet4	257	259	389	385	
104	Tet4	161	257	259	389	
105	Tet4	276	388	340	367	
106	Tet4	276	340	388	365	
107	Tet4	2	367	32	388	
108	Tet4	32	340	388	367	
109	Tet4	269	388	340	365	
110	Tet4	2	367	388	386	
111	Tet4	32	388	340	348	
112	Tet4	1	31	388	2	
113	Tet4	1	31	270	388	
114	Tet4	31	388	32	348	
115	Tet4	2	31	388	32	
116	Tet4	195	388	365	386	
117	Tet4	171	269	388	340	
118	Tet4	1	388	270	386	
119	Tet4	1	2	388	386	
120	Tet4	31	388	348	270	
121	Tet4	171	348	340	388	
122	Tet4	171	388	195	270	
123	Tet4	171	348	388	270	
124	Tet4	303	334	387	380	
125	Tet4	16	303	304	387	
126	Tet4	303	387	333	304	
127	Tet4	17	387	304	370	
128	Tet4	16	387	304	17	
129	Tet4	262	387	334	380	
130	Tet4	303	333	387	334	
131	Tet4	304	387	333	370	
132	Tet4	16	387	17	377	
133	Tet4	17	387	370	377	
134	Tet4	187	387	334	262	
135	Tet4	261	387	262	380	
136	Tet4	16	387	261	380	
137	Tet4	187	333	334	387	
138	Tet4	266	333	387	370	
139	Tet4	266	370	387	377	
140	Tet4	187	387	262	261	
141	Tet4	261	266	387	377	
142	Tet4	16	261	387	377	
143	Tet4	187	387	261	266	
144	Tet4	2	329	3	386	
145	Tet4	3	386	329	322	
146	Tet4	3	386	322	367	
147	Tet4	2	386	3	367	
148	Tet4	276	322	386	367	
149	Tet4	276	327	386	322	
150	Tet4	2	307	329	386	
151	Tet4	307	329	386	322	
152	Tet4	1	386	307	2	
153	Tet4	1	270	307	386	
154	Tet4	276	386	327	365	
155	Tet4	307	322	386	327	
156	Tet4	195	307	386	327	
157	Tet4	195	327	386	365	
158	Tet4	9	10	385	378	
159	Tet4	10	375	385	378	
160	Tet4	345	359	385	375	
161	Tet4	9	385	259	378	
162	Tet4	359	385	375	378	
163	Tet4	254	259	385	378	
164	Tet4	254	259	257	385	
165	Tet4	253	254	385	359	
166	Tet4	254	385	359	378	
167	Tet4	247	250	384	361	
168	Tet4	151	384	247	250	
169	Tet4	151	247	384	347	
170	Tet4	55	347	384	361	
171	Tet4	54	55	347	384	
172	Tet4	250	351	384	361	
173	Tet4	24	384	250	351	
174	Tet4	151	152	384	250	
175	Tet4	54	347	151	384	
176	Tet4	25	55	384	361	
177	Tet4	25	384	55	54	
178	Tet4	54	151	152	384	
179	Tet4	24	384	25	54	
180	Tet4	251	383	298	379	
181	Tet4	249	383	251	379	
182	Tet4	251	298	383	371	
183	Tet4	298	383	344	379	
184	Tet4	249	344	383	379	
185	Tet4	246	251	383	371	
186	Tet4	246	251	249	383	
187	Tet4	298	354	383	371	
188	Tet4	298	344	383	354	
189	Tet4	22	383	52	354	
190	Tet4	22	23	52	383	
191	Tet4	343	383	344	354	
192	Tet4	249	383	344	343	
193	Tet4	245	246	249	383	
194	Tet4	52	383	343	354	
195	Tet4	23	52	383	343	
196	Tet4	245	249	343	383	
197	Tet4	23	343	383	245	
198	Tet4	173	197	382	270	
199	Tet4	30	382	363	356	
200	Tet4	341	363	382	356	
201	Tet4	271	341	382	356	
202	Tet4	59	363	382	341	
203	Tet4	30	382	59	363	
204	Tet4	173	341	382	271	
205	Tet4	31	173	60	382	
206	Tet4	30	60	382	31	
207	Tet4	59	382	60	341	
208	Tet4	30	59	382	60	
209	Tet4	60	341	382	173	
210	Tet4	111	112	319	295	
211	Tet4	108	276	109	322	
212	Tet4	4	319	329	201	
213	Tet4	3	4	329	201	
214	Tet4	126	326	284	127	
215	Tet4	15	16	303	233	
216	Tet4	188	335	262	334	
217	Tet4	175	248	339	312	
218	Tet4	13	209	309	208	
219	Tet4	23	216	238	239	
220	Tet4	19	213	236	20	
221	Tet4	9	206	205	228	
222	Tet4	61	62	267	170	
223	Tet4	23	216	338	306	
224	Tet4	29	321	330	30	
225	Tet4	16	234	304	211	
226	Tet4	106	150	296	272	
227	Tet4	4	319	201	202	
228	Tet4	9	206	228	229	
229	Tet4	191	266	336	192	
230	Tet4	14	232	303	209	
231	Tet4	4	202	201	224	
232	Tet4	217	239	302	240	
233	Tet4	12	309	208	13	
234	Tet4	1	307	308	199	
235	Tet4	221	330	244	243	
236	Tet4	85	168	265	167	
237	Tet4	131	325	279	132	
238	Tet4	29	330	244	30	
239	Tet4	30	308	221	199	
240	Tet4	3	201	200	223	
241	Tet4	30	321	330	308	
242	Tet4	19	318	310	213	
243	Tet4	20	21	318	214	
244	Tet4	19	310	212	213	
245	Tet4	1	199	308	30	
246	Tet4	19	20	318	213	
247	Tet4	132	279	310	325	
248	Tet4	26	218	331	311	
249	Tet4	114	115	313	280	
250	Tet4	30	330	221	308	
251	Tet4	93	94	298	344	
252	Tet4	20	214	236	237	
253	Tet4	177	323	178	246	
254	Tet4	104	275	341	105	
255	Tet4	26	219	242	27	
256	Tet4	26	241	242	219	
257	Tet4	12	316	207	208	
258	Tet4	185	259	337	186	
259	Tet4	9	305	229	10	
260	Tet4	128	289	190	189	
261	Tet4	12	230	208	207	
262	Tet4	2	3	200	223	
263	Tet4	21	317	318	214	
264	Tet4	12	208	231	13	
265	Tet4	17	304	234	235	
266	Tet4	148	321	275	149	
267	Tet4	16	304	303	211	
268	Tet4	136	290	137	317	
269	Tet4	154	344	343	249	
270	Tet4	129	130	336	291	
271	Tet4	19	212	235	213	
272	Tet4	26	27	331	219	
273	Tet4	8	9	205	228	
274	Tet4	130	291	131	325	
275	Tet4	23	338	252	246	
276	Tet4	143	274	144	311	
277	Tet4	28	219	220	320	
278	Tet4	22	23	306	238	
279	Tet4	142	274	143	311	
280	Tet4	18	19	212	235	
281	Tet4	26	218	241	219	
282	Tet4	27	331	219	320	
283	Tet4	144	331	282	145	
284	Tet4	4	225	5	202	
285	Tet4	2	307	200	329	
286	Tet4	129	191	264	291	
287	Tet4	191	265	291	266	
288	Tet4	9	206	229	305	
289	Tet4	160	257	342	345	
290	Tet4	23	238	216	306	
291	Tet4	16	17	304	234	
292	Tet4	61	271	105	174	
293	Tet4	14	209	303	309	
294	Tet4	187	334	188	262	
295	Tet4	29	330	243	244	
296	Tet4	122	123	316	293	
297	Tet4	5	202	6	332	
298	Tet4	132	279	133	310	
299	Tet4	28	330	243	29	
300	Tet4	157	158	346	258	
301	Tet4	129	291	336	191	
302	Tet4	3	224	4	201	
303	Tet4	70	299	346	71	
304	Tet4	12	208	230	231	
305	Tet4	188	335	189	262	
306	Tet4	19	236	213	235	
307	Tet4	140	251	180	179	
308	Tet4	30	199	244	222	
309	Tet4	177	252	338	246	
310	Tet4	177	338	323	246	
311	Tet4	1	270	308	307	
312	Tet4	9	206	305	205	
313	Tet4	18	310	325	304	
314	Tet4	18	212	19	310	
315	Tet4	20	318	213	214	
316	Tet4	154	155	344	249	
317	Tet4	18	212	310	304	
318	Tet4	20	213	236	214	
319	Tet4	175	180	339	248	
320	Tet4	18	235	212	304	
321	Tet4	17	235	18	304	
322	Tet4	23	24	252	338	
323	Tet4	3	223	224	201	
324	Tet4	151	156	247	347	
325	Tet4	176	177	252	338	
326	Tet4	153	343	249	154	
327	Tet4	26	331	218	219	
328	Tet4	1	222	199	30	
329	Tet4	27	219	28	320	
330	Tet4	83	84	264	166	
331	Tet4	173	271	174	341	
332	Tet4	106	194	193	268	
333	Tet4	106	272	193	198	
334	Tet4	106	272	198	150	
335	Tet4	61	169	170	267	
336	Tet4	28	243	330	220	
337	Tet4	191	291	336	266	
338	Tet4	129	191	190	264	
339	Tet4	16	233	234	211	
340	Tet4	84	264	166	167	
341	Tet4	84	291	264	167	
342	Tet4	128	190	289	129	
343	Tet4	84	264	291	289	
344	Tet4	127	128	335	289	
345	Tet4	14	303	232	15	
346	Tet4	13	209	14	309	
347	Tet4	15	303	232	233	
348	Tet4	210	303	233	232	
349	Tet4	209	232	303	210	
350	Tet4	4	202	224	225	
351	Tet4	108	327	276	322	
352	Tet4	115	313	280	314	
353	Tet4	73	300	345	292	
354	Tet4	2	200	3	329	
355	Tet4	73	74	292	345	
356	Tet4	171	172	348	270	
357	Tet4	6	202	203	332	
358	Tet4	3	200	201	329	
359	Tet4	5	319	202	332	
360	Tet4	62	63	276	340	
361	Tet4	8	9	259	337	
362	Tet4	62	267	170	269	
363	Tet4	83	264	84	289	
364	Tet4	4	5	319	202	
365	Tet4	70	346	299	280	
366	Tet4	160	342	257	161	
367	Tet4	112	273	113	332	
368	Tet4	153	245	249	343	
369	Tet4	215	306	216	238	
370	Tet4	23	53	52	343	
371	Tet4	129	264	289	291	
372	Tet4	23	302	216	239	
373	Tet4	84	291	167	85	
374	Tet4	85	265	291	167	
375	Tet4	12	208	309	316	
376	Tet4	20	237	21	214	
377	Tet4	212	234	304	235	
378	Tet4	211	304	212	234	
379	Tet4	21	215	237	238	
380	Tet4	21	237	215	214	
381	Tet4	95	286	347	96	
382	Tet4	95	347	247	156	
383	Tet4	95	247	347	286	
384	Tet4	30	330	244	221	
385	Tet4	27	28	219	242	
386	Tet4	28	220	330	320	
387	Tet4	220	243	330	221	
388	Tet4	30	244	199	221	
389	Tet4	196	270	307	308	
390	Tet4	28	243	220	242	
391	Tet4	28	220	219	242	
392	Tet4	61	271	296	105	
393	Tet4	105	271	341	174	
394	Tet4	83	264	165	166	
395	Tet4	16	303	233	211	
396	Tet4	210	303	211	233	
397	Tet4	13	14	209	232	
398	Tet4	13	232	209	231	
399	Tet4	8	205	227	228	
400	Tet4	61	169	271	174	
401	Tet4	9	305	337	205	
402	Tet4	120	283	121	315	
403	Tet4	120	283	315	297	
404	Tet4	6	203	225	226	
405	Tet4	6	225	203	202	
406	Tet4	5	202	225	6	
407	Tet4	8	301	205	337	
408	Tet4	8	205	9	337	
409	Tet4	8	205	204	227	
410	Tet4	8	204	205	301	
411	Tet4	2	223	200	222	
412	Tet4	13	231	209	208	
413	Tet4	2	200	307	199	
414	Tet4	2	200	199	222	
415	Tet4	1	30	308	270	
416	Tet4	1	199	222	2	
417	Tet4	1	307	199	2	
418	Tet4	196	270	308	197	
419	Tet4	62	170	340	269	
420	Tet4	170	340	269	171	
421	Tet4	23	302	239	24	
422	Tet4	216	217	239	302	
423	Tet4	23	338	302	24	
424	Tet4	24	240	302	239	
425	Tet4	23	302	338	216	
426	Tet4	20	318	21	349	
427	Tet4	21	318	317	349	
428	Tet4	91	281	349	290	
429	Tet4	136	349	281	290	
430	Tet4	136	318	349	317	
431	Tet4	136	317	349	290	
432	Tet4	90	91	281	349	
433	Tet4	91	349	92	290	
434	Tet4	135	136	318	349	
435	Tet4	135	281	136	349	
436	Tet4	20	349	21	50	
437	Tet4	51	91	90	349	
438	Tet4	51	92	91	349	
439	Tet4	134	349	281	135	
440	Tet4	134	318	349	135	
441	Tet4	50	90	349	51	
442	Tet4	21	50	349	51	
443	Tet4	26	27	350	331	
444	Tet4	26	350	27	56	
445	Tet4	56	98	350	99	
446	Tet4	27	56	350	57	
447	Tet4	56	99	350	57	
448	Tet4	98	350	99	274	
449	Tet4	26	331	350	311	
450	Tet4	99	282	274	350	
451	Tet4	55	98	350	56	
452	Tet4	26	55	350	56	
453	Tet4	144	350	331	311	
454	Tet4	144	274	350	311	
455	Tet4	144	350	274	282	
456	Tet4	144	331	350	282	
457	Tet4	57	100	99	350	
458	Tet4	99	350	100	282	
459	Tet4	176	351	312	302	
460	Tet4	176	252	250	351	
461	Tet4	24	250	252	351	
462	Tet4	176	351	250	248	
463	Tet4	24	302	25	351	
464	Tet4	176	302	338	351	
465	Tet4	24	338	302	351	
466	Tet4	176	338	252	351	
467	Tet4	24	252	338	351	
468	Tet4	302	351	312	311	
469	Tet4	25	351	302	311	
470	Tet4	77	352	293	283	
471	Tet4	11	41	352	12	
472	Tet4	77	293	352	78	
473	Tet4	11	352	316	12	
474	Tet4	12	41	352	42	
475	Tet4	41	77	352	42	
476	Tet4	42	78	77	352	
477	Tet4	41	352	77	76	
478	Tet4	76	352	77	283	
479	Tet4	11	316	352	315	
480	Tet4	122	352	293	316	
481	Tet4	122	293	352	283	
482	Tet4	12	42	352	13	
483	Tet4	121	352	316	315	
484	Tet4	121	352	315	283	
485	Tet4	121	352	122	316	
486	Tet4	121	122	352	283	
487	Tet4	42	43	78	352	
488	Tet4	13	43	42	352	
489	Tet4	280	299	353	346	
490	Tet4	182	256	353	258	
491	Tet4	115	353	314	280	
492	Tet4	115	299	353	280	
493	Tet4	255	256	258	353	
494	Tet4	116	353	181	314	
495	Tet4	115	353	299	116	
496	Tet4	115	353	116	314	
497	Tet4	181	353	182	256	
498	Tet4	116	182	181	353	
499	Tet4	116	299	287	353	
500	Tet4	258	353	260	287	
501	Tet4	116	353	287	117	
502	Tet4	116	182	353	117	
503	Tet4	117	287	260	353	
504	Tet4	117	260	182	353	
505	Tet4	138	354	323	317	
506	Tet4	138	285	298	354	
507	Tet4	137	354	285	138	
508	Tet4	137	354	138	317	
509	Tet4	92	285	290	354	
510	Tet4	52	92	354	343	
511	Tet4	92	344	354	343	
512	Tet4	137	354	317	290	
513	Tet4	137	285	354	290	
514	Tet4	21	22	354	317	
515	Tet4	21	317	354	349	
516	Tet4	290	354	317	349	
517	Tet4	92	354	290	349	
518	Tet4	92	354	344	93	
519	Tet4	92	285	354	93	
520	Tet4	21	354	22	51	
521	Tet4	21	354	51	349	
522	Tet4	51	52	92	354	
523	Tet4	51	354	92	349	
524	Tet4	22	354	52	51	
525	Tet4	49	89	88	355	
526	Tet4	19	355	20	49	
527	Tet4	49	88	87	355	
528	Tet4	88	279	355	133	
529	Tet4	20	355	50	49	
530	Tet4	49	50	89	355	
531	Tet4	20	355	318	349	
532	Tet4	20	50	355	349	
533	Tet4	89	355	90	281	
534	Tet4	90	281	355	349	
535	Tet4	19	355	318	20	
536	Tet4	87	88	279	355	
537	Tet4	133	310	279	355	
538	Tet4	133	134	310	355	
539	Tet4	134	355	281	349	
540	Tet4	134	318	355	349	
541	Tet4	50	89	355	90	
542	Tet4	50	90	355	349	
543	Tet4	19	318	355	310	
544	Tet4	134	355	318	310	
545	Tet4	105	341	271	356	
546	Tet4	105	275	341	356	
547	Tet4	30	356	321	308	
548	Tet4	308	356	321	328	
549	Tet4	149	328	321	356	
550	Tet4	149	321	275	356	
551	Tet4	197	356	308	328	
552	Tet4	105	275	356	296	
553	Tet4	105	296	356	271	
554	Tet4	150	275	296	356	
555	Tet4	271	272	296	356	
556	Tet4	149	150	328	356	
557	Tet4	149	275	150	356	
558	Tet4	150	296	272	356	
559	Tet4	150	328	356	198	
560	Tet4	150	356	272	198	
561	Tet4	186	357	301	314	
562	Tet4	181	186	357	256	
563	Tet4	181	357	186	314	
564	Tet4	181	357	314	353	
565	Tet4	181	256	357	353	
566	Tet4	7	314	357	353	
567	Tet4	186	301	357	337	
568	Tet4	8	301	337	357	
569	Tet4	255	357	256	353	
570	Tet4	8	357	255	353	
571	Tet4	7	357	8	353	
572	Tet4	186	357	259	337	
573	Tet4	8	337	259	357	
574	Tet4	8	357	259	255	
575	Tet4	186	259	357	255	
576	Tet4	186	357	256	255	
577	Tet4	6	7	36	358	
578	Tet4	7	36	358	37	
579	Tet4	36	69	358	37	
580	Tet4	36	69	68	358	
581	Tet4	69	273	358	280	
582	Tet4	68	69	273	358	
583	Tet4	69	358	70	280	
584	Tet4	37	69	358	70	
585	Tet4	114	280	313	358	
586	Tet4	114	273	280	358	
587	Tet4	70	358	346	280	
588	Tet4	280	314	313	358	
589	Tet4	280	314	358	353	
590	Tet4	7	358	314	353	
591	Tet4	37	70	358	346	
592	Tet4	113	358	273	114	
593	Tet4	113	313	358	114	
594	Tet4	118	359	119	324	
595	Tet4	118	119	359	292	
596	Tet4	118	359	300	292	
597	Tet4	118	359	324	184	
598	Tet4	119	359	315	324	
599	Tet4	119	297	359	292	
600	Tet4	253	260	254	359	
601	Tet4	253	300	260	359	
602	Tet4	292	359	300	345	
603	Tet4	253	345	300	359	
604	Tet4	37	360	346	358	
605	Tet4	7	360	37	358	
606	Tet4	7	360	8	37	
607	Tet4	37	38	346	360	
608	Tet4	8	360	38	37	
609	Tet4	8	38	360	255	
610	Tet4	8	255	360	353	
611	Tet4	7	8	360	353	
612	Tet4	38	360	157	346	
613	Tet4	7	353	360	358	
614	Tet4	157	360	258	346	
615	Tet4	157	258	360	255	
616	Tet4	255	258	360	353	
617	Tet4	258	346	360	353	
618	Tet4	25	311	361	351	
619	Tet4	311	312	361	351	
620	Tet4	55	361	97	347	
621	Tet4	97	142	286	361	
622	Tet4	97	274	142	361	
623	Tet4	55	97	361	98	
624	Tet4	55	98	361	350	
625	Tet4	97	274	361	98	
626	Tet4	98	274	361	350	
627	Tet4	274	311	361	350	
628	Tet4	142	361	274	311	
629	Tet4	142	312	361	311	
630	Tet4	25	26	361	311	
631	Tet4	26	361	311	350	
632	Tet4	80	125	288	362	
633	Tet4	124	362	288	125	
634	Tet4	124	309	362	125	
635	Tet4	80	284	125	362	
636	Tet4	123	309	362	124	
637	Tet4	123	124	362	288	
638	Tet4	125	326	309	362	
639	Tet4	12	13	362	309	
640	Tet4	79	362	80	288	
641	Tet4	13	14	362	309	
642	Tet4	123	362	309	316	
643	Tet4	12	316	309	362	
644	Tet4	78	362	79	288	
645	Tet4	43	79	362	80	
646	Tet4	13	14	43	362	
647	Tet4	123	288	362	293	
648	Tet4	123	293	362	316	
649	Tet4	12	316	362	352	
650	Tet4	43	78	362	79	
651	Tet4	43	80	362	44	
652	Tet4	14	43	362	44	
653	Tet4	293	362	316	352	
654	Tet4	13	362	43	352	
655	Tet4	43	362	78	352	
656	Tet4	59	103	363	341	
657	Tet4	275	363	341	356	
658	Tet4	103	275	277	363	
659	Tet4	29	30	59	363	
660	Tet4	59	363	103	102	
661	Tet4	275	321	363	356	
662	Tet4	102	103	277	363	
663	Tet4	29	321	30	363	
664	Tet4	30	363	321	356	
665	Tet4	284	364	326	362	
666	Tet4	14	364	15	44	
667	Tet4	14	303	15	364	
668	Tet4	14	309	364	362	
669	Tet4	309	326	364	362	
670	Tet4	14	303	364	309	
671	Tet4	303	326	364	309	
672	Tet4	80	81	284	364	
673	Tet4	80	364	284	362	
674	Tet4	14	364	44	362	
675	Tet4	44	81	80	364	
676	Tet4	44	364	80	362	
677	Tet4	267	268	269	365	
678	Tet4	107	194	365	327	
679	Tet4	62	269	365	267	
680	Tet4	62	107	365	276	
681	Tet4	61	365	267	62	
682	Tet4	61	107	365	62	
683	Tet4	61	365	107	106	
684	Tet4	180	339	248	366	
685	Tet4	248	339	312	366	
686	Tet4	247	286	366	361	
687	Tet4	140	366	339	180	
688	Tet4	180	247	366	248	
689	Tet4	248	366	312	351	
690	Tet4	312	351	366	361	
691	Tet4	141	339	366	312	
692	Tet4	247	250	366	248	
693	Tet4	247	366	250	361	
694	Tet4	140	286	141	366	
695	Tet4	140	141	339	366	
696	Tet4	141	366	286	142	
697	Tet4	142	366	286	361	
698	Tet4	140	366	180	251	
699	Tet4	180	366	247	251	
700	Tet4	247	251	366	286	
701	Tet4	248	250	366	351	
702	Tet4	250	366	351	361	
703	Tet4	141	312	366	142	
704	Tet4	142	312	366	361	
705	Tet4	3	367	33	32	
706	Tet4	32	367	33	340	
707	Tet4	33	340	367	64	
708	Tet4	2	367	3	32	
709	Tet4	82	165	368	164	
710	Tet4	164	263	165	368	
711	Tet4	45	82	368	164	
712	Tet4	83	263	368	165	
713	Tet4	82	165	83	368	
714	Tet4	45	82	81	368	
715	Tet4	82	284	368	289	
716	Tet4	81	82	284	368	
717	Tet4	81	368	284	364	
718	Tet4	82	289	368	83	
719	Tet4	83	263	289	368	
720	Tet4	44	45	81	368	
721	Tet4	44	368	81	364	
722	Tet4	86	369	279	291	
723	Tet4	17	369	18	47	
724	Tet4	85	291	265	369	
725	Tet4	85	86	291	369	
726	Tet4	18	369	48	47	
727	Tet4	47	48	86	369	
728	Tet4	47	369	86	85	
729	Tet4	279	325	369	310	
730	Tet4	18	325	310	369	
731	Tet4	48	86	369	87	
732	Tet4	86	279	369	87	
733	Tet4	47	168	369	85	
734	Tet4	85	265	168	369	
735	Tet4	279	310	369	355	
736	Tet4	87	279	369	355	
737	Tet4	18	19	48	369	
738	Tet4	48	87	369	49	
739	Tet4	49	87	369	355	
740	Tet4	19	48	369	49	
741	Tet4	19	49	369	355	
742	Tet4	291	325	370	369	
743	Tet4	266	336	370	291	
744	Tet4	265	266	370	291	
745	Tet4	265	291	370	369	
746	Tet4	325	333	336	370	
747	Tet4	18	370	325	369	
748	Tet4	17	370	18	369	
749	Tet4	304	333	325	370	
750	Tet4	138	371	298	139	
751	Tet4	138	323	371	139	
752	Tet4	139	178	323	371	
753	Tet4	178	323	371	246	
754	Tet4	138	371	323	354	
755	Tet4	138	298	371	354	
756	Tet4	139	371	298	294	
757	Tet4	251	298	371	294	
758	Tet4	179	251	246	371	
759	Tet4	178	246	371	179	
760	Tet4	139	178	371	179	
761	Tet4	206	315	207	372	
762	Tet4	207	316	372	315	
763	Tet4	11	372	316	315	
764	Tet4	206	305	315	372	
765	Tet4	206	207	229	372	
766	Tet4	11	316	372	12	
767	Tet4	12	207	316	372	
768	Tet4	206	229	305	372	
769	Tet4	11	372	229	230	
770	Tet4	207	229	372	230	
771	Tet4	10	305	229	372	
772	Tet4	10	372	229	11	
773	Tet4	67	273	295	373	
774	Tet4	66	295	373	67	
775	Tet4	67	373	68	273	
776	Tet4	5	373	332	6	
777	Tet4	5	373	319	332	
778	Tet4	112	373	273	332	
779	Tet4	112	273	373	295	
780	Tet4	35	66	373	67	
781	Tet4	68	273	373	358	
782	Tet4	35	67	373	68	
783	Tet4	6	373	332	358	
784	Tet4	273	332	373	358	
785	Tet4	4	373	319	5	
786	Tet4	4	373	5	34	
787	Tet4	5	34	373	35	
788	Tet4	34	373	35	66	
789	Tet4	5	35	373	6	
790	Tet4	35	68	373	36	
791	Tet4	36	68	373	358	
792	Tet4	6	36	35	373	
793	Tet4	6	36	373	358	
794	Tet4	101	374	102	277	
795	Tet4	27	374	320	28	
796	Tet4	101	282	374	277	
797	Tet4	102	277	374	363	
798	Tet4	277	321	374	363	
799	Tet4	58	101	374	102	
800	Tet4	27	374	28	57	
801	Tet4	146	277	374	282	
802	Tet4	29	374	321	363	
803	Tet4	147	374	321	320	
804	Tet4	57	58	101	374	
805	Tet4	28	374	58	57	
806	Tet4	27	374	57	350	
807	Tet4	27	374	331	320	
808	Tet4	146	147	374	277	
809	Tet4	146	374	147	320	
810	Tet4	145	374	146	320	
811	Tet4	145	146	374	282	
812	Tet4	28	374	330	29	
813	Tet4	29	374	330	321	
814	Tet4	28	374	29	58	
815	Tet4	282	374	331	350	
816	Tet4	27	331	374	350	
817	Tet4	100	374	101	282	
818	Tet4	100	374	282	350	
819	Tet4	145	331	374	320	
820	Tet4	145	374	331	282	
821	Tet4	29	59	58	374	
822	Tet4	29	59	374	363	
823	Tet4	320	374	321	330	
824	Tet4	28	374	320	330	
825	Tet4	10	375	40	342	
826	Tet4	297	375	315	359	
827	Tet4	40	342	375	75	
828	Tet4	75	345	342	375	
829	Tet4	292	345	375	359	
830	Tet4	292	375	297	359	
831	Tet4	10	375	11	40	
832	Tet4	74	75	297	375	
833	Tet4	74	345	75	375	
834	Tet4	74	292	345	375	
835	Tet4	74	297	292	375	
836	Tet4	283	315	297	375	
837	Tet4	283	315	375	352	
838	Tet4	11	375	315	352	
839	Tet4	11	375	41	40	
840	Tet4	11	41	375	352	
841	Tet4	40	375	41	75	
842	Tet4	75	283	297	375	
843	Tet4	75	76	283	375	
844	Tet4	76	283	375	352	
845	Tet4	203	376	313	301	
846	Tet4	301	376	313	314	
847	Tet4	203	204	376	301	
848	Tet4	7	314	376	357	
849	Tet4	301	376	314	357	
850	Tet4	203	376	204	226	
851	Tet4	6	226	7	376	
852	Tet4	6	203	226	376	
853	Tet4	6	376	7	358	
854	Tet4	203	313	376	332	
855	Tet4	6	332	203	376	
856	Tet4	204	376	227	226	
857	Tet4	7	227	376	226	
858	Tet4	8	204	376	227	
859	Tet4	7	227	8	376	
860	Tet4	8	204	301	376	
861	Tet4	17	377	47	46	
862	Tet4	17	47	377	369	
863	Tet4	46	47	168	377	
864	Tet4	47	168	377	369	
865	Tet4	168	265	377	369	
866	Tet4	17	369	377	370	
867	Tet4	265	377	369	370	
868	Tet4	163	168	265	377	
869	Tet4	46	168	163	377	
870	Tet4	265	266	377	370	
871	Tet4	16	377	17	46	
872	Tet4	163	265	266	377	
873	Tet4	163	266	261	377	
874	Tet4	9	337	305	378	
875	Tet4	9	378	305	10	
876	Tet4	9	259	337	378	
877	Tet4	305	337	324	378	
878	Tet4	10	378	315	375	
879	Tet4	305	315	378	324	
880	Tet4	185	259	378	337	
881	Tet4	185	378	259	254	
882	Tet4	185	378	324	337	
883	Tet4	184	324	185	378	
884	Tet4	184	378	185	254	
885	Tet4	94	155	95	379	
886	Tet4	94	379	95	294	
887	Tet4	94	298	379	294	
888	Tet4	155	249	251	379	
889	Tet4	155	344	249	379	
890	Tet4	94	379	344	155	
891	Tet4	95	379	286	294	
892	Tet4	251	294	286	379	
893	Tet4	155	379	251	247	
894	Tet4	251	379	298	294	
895	Tet4	94	379	298	344	
896	Tet4	247	379	251	286	
897	Tet4	95	379	247	286	
898	Tet4	261	263	380	262	
899	Tet4	15	303	380	364	
900	Tet4	262	334	335	380	
901	Tet4	303	380	326	334	
902	Tet4	303	326	380	364	
903	Tet4	326	334	380	335	
904	Tet4	284	380	326	364	
905	Tet4	284	380	364	368	
906	Tet4	127	326	284	380	
907	Tet4	127	335	326	380	
908	Tet4	3	329	4	381	
909	Tet4	3	329	381	322	
910	Tet4	3	322	381	367	
911	Tet4	319	329	322	381	
912	Tet4	4	329	319	381	
913	Tet4	3	381	4	33	
914	Tet4	3	381	33	367	
915	Tet4	276	381	322	367	
916	Tet4	110	319	322	381	
917	Tet4	4	381	319	373	
918	Tet4	64	381	65	278	
919	Tet4	4	34	33	381	
920	Tet4	109	322	276	381	
921	Tet4	109	381	276	278	
922	Tet4	109	322	381	110	
923	Tet4	109	110	381	278	
924	Tet4	110	111	319	381	
925	Tet4	110	111	381	278	
926	Tet4	295	319	381	373	
927	Tet4	4	34	381	373	
928	Tet4	65	66	278	381	
929	Tet4	33	65	64	381	
930	Tet4	33	381	64	367	
931	Tet4	33	65	381	34	
932	Tet4	111	319	381	295	
933	Tet4	111	295	381	278	
934	Tet4	66	295	278	381	
935	Tet4	66	295	381	373	
936	Tet4	34	66	65	381	
937	Tet4	34	66	381	373	
938	Tet4	112	373	319	295	
939	Tet4	112	319	373	332	
940	Tet4	127	380	289	335	
941	Tet4	284	289	380	368	
942	Tet4	127	380	284	289	
943	Tet4	128	335	289	189	
944	Tet4	197	356	198	272	
945	Tet4	197	198	356	328	
946	Tet4	258	287	346	353	
947	Tet4	287	346	353	299	
948	Tet4	88	355	134	133	
949	Tet4	18	370	304	325	
950	Tet4	17	304	18	370	
951	Tet4	93	298	354	344	
952	Tet4	93	354	298	285	
953	Tet4	11	230	12	372	
954	Tet4	12	372	230	207	
955	Tet4	159	257	345	253	
956	Tet4	159	345	257	160	
957	Tet4	113	332	358	313	
958	Tet4	113	358	332	273	
959	Tet4	194	195	365	327	
960	Tet4	194	365	195	268	
961	Tet4	26	55	361	350	
962	Tet4	25	26	55	361	
963	Tet4	57	100	374	101	
964	Tet4	176	248	312	351	
965	Tet4	175	312	176	248	
966	Tet4	78	362	293	352	
967	Tet4	78	293	362	288	
968	Tet4	41	375	76	75	
969	Tet4	89	134	355	281	
970	Tet4	88	355	89	134	
971	Tet4	19	369	310	355	
972	Tet4	18	310	19	369	
973	Tet4	7	8	357	376	
974	Tet4	8	357	376	301	
975	Tet4	313	332	358	376	
976	Tet4	6	358	332	376	
977	Tet4	7	314	358	376	
978	Tet4	313	358	314	376	
979	Tet4	184	378	359	324	
980	Tet4	184	359	378	254	
981	Tet4	119	315	297	120	
982	Tet4	119	297	315	359	
983	Tet4	38	255	157	360	
984	Tet4	38	157	255	162	
985	Tet4	346	353	358	360	
986	Tet4	280	346	353	358	
987	Tet4	96	97	286	347	
988	Tet4	97	286	347	361	
989	Tet4	125	284	326	362	
990	Tet4	125	326	284	126	
991	Tet4	103	341	275	363	
992	Tet4	103	275	341	104	
993	Tet4	59	102	374	363	
994	Tet4	58	59	102	374	
995	Tet4	275	321	277	363	
996	Tet4	148	277	275	321	
997	Tet4	62	365	340	276	
998	Tet4	62	340	365	269	
999	Tet4	106	365	194	268	
1000	Tet4	106	194	365	107	
1001	Tet4	107	276	327	365	
1002	Tet4	107	327	276	108	
1003	Tet4	140	251	286	366	
1004	Tet4	140	286	251	294	
1005	Tet4	64	276	340	367	
1006	Tet4	63	340	64	276	
1007	Tet4	263	380	289	368	
1008	Tet4	279	325	291	369	
1009	Tet4	131	279	325	291	
1010	Tet4	130	291	325	336	
1011	Tet4	291	325	336	370	
1012	Tet4	266	336	333	370	
1013	Tet4	192	266	336	333	
1014	Tet4	147	277	321	374	
1015	Tet4	147	321	277	148	
1016	Tet4	315	359	378	324	
1017	Tet4	315	378	359	375	
1018	Tet4	10	315	11	375	
1019	Tet4	10	11	315	372	
1020	Tet4	10	305	315	378	
1021	Tet4	10	315	305	372	
1022	Tet4	64	381	276	367	
1023	Tet4	64	276	381	278	
1024	Tet4	61	106	267	365	
1025	Tet4	61	272	296	271	
1026	Tet4	139	179	294	140	
1027	Tet4	21	317	215	306	
1028	Tet4	21	238	306	215	
1029	Tet4	41	76	375	352	
1030	Tet4	21	215	317	214	
1031	Tet4	140	294	251	179	
1032	Tet4	30	197	356	308	
1033	Tet4	21	306	238	22	
1034	Tet4	129	190	289	264	
1035	Tet4	189	190	264	289	
1036	Tet4	30	308	270	197	
1037	Tet4	167	191	291	264	
1038	Tet4	106	267	268	193	
1039	Tet4	106	267	365	268	
1040	Tet4	106	267	193	272	
1041	Tet4	61	272	106	296	
1042	Tet4	57	374	100	350	
1043	Tet4	61	106	272	267	
1044	Tet4	179	294	251	371	
1045	Tet4	139	371	294	179	
1046	Tet4	30	382	197	270	
1047	Tet4	30	197	382	356	
1048	Tet4	71	346	287	299	
1049	Tet4	72	287	346	395	
1050	Tet4	71	346	72	287	
1051	Tet4	253	345	395	300	
1052	Tet4	73	395	345	300	
1053	Tet4	25	302	240	393	
1054	Tet4	24	25	302	240	
1055	Tet4	22	317	306	392	
1056	Tet4	21	22	317	306	
1057	Tet4	117	183	260	391	
1058	Tet4	117	260	183	182	
1059	Tet4	117	300	260	287	
1060	Tet4	117	260	300	391	
1061	Tet4	10	39	342	40	
1062	Tet4	10	342	39	389	
1063	Tet4	8	259	389	255	
1064	Tet4	8	389	259	9	
1065	Tet4	9	10	389	385	
1066	Tet4	10	385	342	389	
1067	Tet4	10	342	385	375	
1068	Tet4	276	386	388	367	
1069	Tet4	276	388	386	365	
1070	Tet4	195	269	365	388	
1071	Tet4	195	365	269	268	
1072	Tet4	15	380	303	16	
1073	Tet4	16	380	303	387	
1074	Tet4	187	333	266	192	
1075	Tet4	187	266	333	387	
1076	Tet4	195	270	307	196	
1077	Tet4	195	307	270	386	
1078	Tet4	342	345	385	375	
1079	Tet4	257	385	342	345	
1080	Tet4	253	385	345	359	
1081	Tet4	253	345	385	257	
1082	Tet4	247	361	347	286	
1083	Tet4	247	347	361	384	
1084	Tet4	25	384	351	361	
1085	Tet4	24	384	351	25	
1086	Tet4	23	246	245	383	
1087	Tet4	23	245	246	252	
1088	Tet4	197	271	356	272	
1089	Tet4	197	356	271	382	
1090	Tet4	31	172	270	348	
1091	Tet4	1	31	30	270	
1092	Tet4	30	270	31	382	
1093	Tet4	31	270	173	382	
1094	Tet4	31	173	270	172	
1095	Tet4	61	169	267	272	
1096	Tet4	167	291	191	265	
1097	Tet4	83	189	165	264	
1098	Tet4	171	269	195	388	
1099	Tet4	158	260	395	258	
1100	Tet4	182	353	260	258	
1101	Tet4	173	197	271	382	
1102	Tet4	195	270	388	386	
1103	Tet4	12	362	13	352	
1104	Tet4	61	169	272	271	
1105	Tet4	253	254	257	385	
1106	Tet4	44	394	45	368	
1107	Tet4	262	335	263	380	
1108	Tet4	263	335	289	380	
1109	Tet4	189	262	335	263	
1110	Tet4	189	335	289	263	
1111	Tet4	83	289	189	264	
1112	Tet4	83	189	263	165	
1113	Tet4	83	263	189	289	
1114	Tet4	95	247	155	156	
1115	Tet4	95	155	247	379	
