Element Number	Equivalent Elastic Strain (m/m)
1	2,5922e-005
2	2,6388e-005
3	3,1969e-005
4	2,7772e-005
5	2,6647e-005
6	2,8559e-005
7	3,5409e-005
8	3,6293e-005
9	3,1127e-005
10	3,7035e-005
11	3,2279e-005
12	2,7847e-005
13	2,7373e-005
14	2,3281e-005
15	6,6896e-005
16	5,1224e-005
17	5,8502e-005
18	4,4614e-005
19	4,5041e-005
20	3,0814e-005
21	2,5314e-005
22	6,13e-005
23	5,1641e-005
24	4,2103e-005
25	3,3874e-005
26	2,9608e-005
27	3,9059e-005
28	4,6437e-005
29	5,0448e-005
30	4,6293e-005
31	5,2228e-005
32	5,458e-005
33	3,8331e-005
34	4,266e-005
35	4,3341e-005
36	5,0186e-005
37	5,4447e-005
38	7,3597e-005
39	5,3695e-005
40	5,216e-005
41	3,788e-005
42	5,4757e-005
43	5,4571e-005
44	5,093e-005
45	5,9855e-005
46	5,6455e-005
47	7,3091e-005
48	4,9352e-005
49	5,2171e-005
50	4,0766e-005
51	8,3851e-005
52	4,9569e-005
53	6,2244e-005
54	4,9404e-005
55	4,6431e-005
56	1,9792e-005
57	1,7644e-005
58	3,4021e-005
59	3,7779e-005
60	1,3058e-005
61	3,373e-005
62	5,5089e-005
63	9,5011e-005
64	3,5916e-005
65	3,7411e-005
66	5,0302e-005
67	6,8585e-005
68	3,8627e-005
69	1,9147e-005
70	1,8466e-005
71	2,4357e-005
72	4,0435e-005
73	4,1324e-005
74	5,0446e-005
75	5,3011e-005
76	5,1731e-005
77	5,1402e-005
78	5,0795e-005
79	3,5569e-005
80	4,5789e-005
81	3,7646e-005
82	3,8961e-005
83	4,5515e-005
84	4,0795e-005
85	3,7403e-005
86	4,8111e-005
87	3,1155e-005
88	3,9951e-005
89	3,69e-005
90	3,5057e-005
91	3,4259e-005
92	2,1999e-005
93	2,8558e-005
94	4,0156e-005
95	3,42e-005
96	5,4307e-005
97	4,2814e-005
98	3,5604e-005
99	4,0888e-005
100	4,7152e-005
101	7,343e-005
102	6,0924e-005
103	5,3869e-005
104	6,1285e-005
105	3,0846e-005
106	2,3635e-005
107	4,3489e-005
108	3,6979e-005
109	2,214e-005
110	4,0811e-005
111	4,4047e-005
112	2,5974e-005
113	4,6726e-005
114	4,5457e-005
115	4,8983e-005
116	9,85e-005
117	2,9894e-005
118	6,7604e-005
119	3,3267e-005
120	4,82e-005
121	2,5707e-005
122	5,614e-005
123	5,2747e-005
124	6,1465e-005
125	6,2895e-005
126	7,0827e-005
127	4,8112e-005
128	4,2277e-005
129	5,3354e-005
130	5,4489e-005
131	5,0918e-005
132	4,9182e-005
133	3,6907e-005
134	1,6212e-004
135	7,2246e-005
136	4,5845e-005
137	2,094e-004
138	3,9765e-005
139	4,3483e-005
140	1,782e-004
141	4,1451e-005
142	5,1702e-005
143	1,5161e-004
144	3,3721e-005
145	3,8246e-005
146	3,5021e-005
147	3,5126e-005
148	2,7685e-005
149	2,5636e-005
150	4,082e-005
151	2,9295e-005
152	2,1512e-005
153	3,3981e-005
154	2,0767e-005
155	2,8412e-005
156	8,8171e-005
157	7,0546e-005
158	4,8444e-005
159	4,1153e-005
160	2,5795e-005
161	6,6107e-005
162	2,7752e-005
163	4,4091e-005
164	5,1506e-005
165	4,3569e-005
166	4,3034e-005
167	3,544e-005
168	3,8681e-005
169	2,8864e-005
170	3,6098e-005
171	4,5097e-005
172	4,5091e-005
173	4,6043e-005
174	3,7771e-005
175	3,081e-005
176	4,7152e-005
177	5,7809e-005
178	5,4058e-005
179	3,6596e-005
180	2,0977e-005
181	2,546e-005
182	2,0683e-005
183	2,7274e-005
184	2,3118e-005
185	6,1271e-005
186	6,2501e-005
187	2,4483e-005
188	2,4499e-005
189	4,5918e-005
190	5,683e-005
191	3,4153e-005
192	2,4301e-005
193	5,0247e-005
194	3,9169e-005
195	5,591e-005
196	4,083e-005
197	4,7056e-005
198	5,9449e-005
199	3,7233e-005
200	3,302e-005
201	3,2022e-005
202	4,1803e-005
203	5,1907e-005
204	3,4483e-005
205	4,6845e-005
206	5,2079e-005
207	5,8034e-005
208	6,4242e-005
209	3,7522e-005
210	3,9798e-005
211	2,6888e-005
212	5,5623e-005
213	4,2975e-005
214	2,1578e-005
215	6,9756e-005
216	1,7444e-004
217	8,2181e-005
218	3,36e-005
219	5,7446e-005
220	5,1114e-005
221	5,6406e-005
222	2,9888e-005
223	8,9585e-005
224	3,4556e-005
225	4,7616e-005
226	2,4255e-005
227	3,4526e-005
228	6,1999e-005
229	1,2433e-004
230	5,2969e-005
231	5,5584e-005
232	3,882e-005
233	4,266e-005
234	5,8224e-005
235	4,1187e-005
236	6,47e-005
237	2,453e-005
238	6,9377e-005
239	7,6817e-005
240	5,5297e-005
241	3,8634e-005
242	4,4647e-005
243	4,1328e-005
244	3,5448e-005
245	6,8936e-005
246	4,3003e-005
247	2,3483e-005
248	3,7027e-005
249	2,3835e-005
250	7,2719e-005
251	3,7095e-005
252	5,997e-005
253	9,7727e-005
254	3,335e-005
255	5,5416e-005
256	7,1676e-005
257	3,3374e-005
258	1,6865e-004
259	5,612e-005
260	4,6776e-005
261	4,9853e-005
262	6,0589e-005
263	3,7635e-005
264	4,8333e-005
265	6,8888e-005
266	2,0794e-005
267	6,2006e-005
268	2,7898e-005
269	2,9492e-005
270	2,3417e-005
271	5,592e-005
272	4,6989e-005
273	5,0298e-005
274	2,3836e-005
275	3,8041e-005
276	2,4968e-005
277	2,7823e-005
278	6,9627e-005
279	2,4429e-005
280	5,7031e-005
281	5,5272e-005
282	4,5803e-005
283	3,8083e-005
284	5,3088e-005
285	5,7047e-005
286	2,0902e-005
287	3,0591e-005
288	6,9031e-005
289	2,9433e-005
290	4,534e-005
291	7,2028e-005
292	3,8944e-005
293	5,8594e-005
294	1,5353e-004
295	6,2437e-005
296	4,3551e-005
297	4,9572e-005
298	2,7611e-005
299	7,2615e-005
300	4,0063e-005
301	5,9028e-005
302	5,8448e-005
303	2,4845e-005
304	6,6449e-005
305	1,2219e-004
306	6,7165e-005
307	2,0961e-005
308	5,363e-005
309	1,9191e-004
310	1,7905e-004
311	2,2082e-005
312	4,0445e-005
313	2,2607e-005
314	5,0221e-005
315	2,9277e-005
316	4,4892e-005
317	5,6638e-005
318	5,3706e-005
319	8,1811e-005
320	6,1138e-005
321	6,2072e-005
322	3,8166e-005
323	6,7171e-005
324	4,1353e-005
325	1,5117e-004
326	4,1368e-005
327	3,2845e-005
328	5,88e-005
329	4,1765e-005
330	3,245e-005
331	4,0705e-005
332	5,191e-005
333	4,7976e-005
334	3,1415e-005
335	3,9571e-005
336	3,6798e-005
337	5,1808e-005
338	4,3561e-005
339	4,0054e-005
340	4,4354e-005
341	3,2576e-005
342	3,8604e-005
343	2,7064e-005
344	2,6753e-005
345	5,6366e-005
346	4,8065e-005
347	5,9723e-005
348	3,5337e-005
349	6,3102e-005
350	7,6076e-005
351	2,5203e-005
352	1,3022e-005
353	2,6425e-005
354	5,8124e-005
355	3,1372e-005
356	4,5922e-005
357	3,0507e-005
358	3,9626e-005
359	4,3109e-005
360	3,8533e-005
361	3,4376e-005
362	3,5478e-005
363	3,1218e-005
364	4,4236e-005
365	2,2788e-005
366	4,2989e-005
367	3,7562e-005
368	4,5354e-005
369	6,509e-005
370	5,3276e-005
371	3,8176e-005
372	5,4456e-005
373	3,7326e-005
374	5,7457e-005
375	5,064e-005
376	4,7774e-005
377	4,6374e-005
378	7,0337e-005
379	5,1327e-005
380	5,8566e-005
381	3,3907e-005
382	3,1189e-005
383	2,6748e-005
384	5,4684e-005
385	4,78e-005
386	5,8504e-005
387	7,0086e-005
388	6,7949e-005
389	1,0454e-004
390	6,208e-005
391	4,7687e-005
392	3,6212e-005
393	2,566e-005
394	4,7818e-005
395	4,9512e-005
396	6,6343e-005
397	4,8896e-005
398	6,3325e-005
399	4,9016e-005
400	3,5871e-005
401	7,9921e-005
402	2,7016e-005
403	7,5336e-006
404	6,4525e-005
405	5,8446e-005
406	5,6936e-005
407	6,2976e-005
408	6,4502e-005
409	5,7889e-005
410	4,4546e-005
411	5,9544e-005
412	5,0112e-005
413	6,4506e-005
414	5,8804e-005
415	3,158e-005
416	5,925e-005
417	5,8988e-005
418	9,1915e-005
419	2,4529e-005
420	4,4592e-005
421	6,6673e-005
422	6,109e-005
423	8,7415e-005
424	6,2351e-005
425	8,5749e-005
426	3,2383e-005
427	3,5875e-005
428	2,0769e-005
429	1,8526e-005
430	3,7713e-005
431	1,6274e-005
432	4,6248e-005
433	3,1929e-005
434	2,7441e-005
435	3,0193e-005
436	3,6219e-005
437	3,9474e-005
438	3,5841e-005
439	3,0611e-005
440	2,7339e-005
441	6,2987e-005
442	6,967e-005
443	3,1771e-005
444	4,4644e-005
445	5,0733e-005
446	8,0403e-005
447	7,6724e-005
448	4,5127e-005
449	2,9715e-005
450	2,2966e-005
451	6,6131e-005
452	7,3605e-005
453	2,9693e-005
454	1,6358e-005
455	1,4721e-005
456	5,6413e-006
457	4,2117e-005
458	4,3159e-005
459	1,0909e-004
460	1,2384e-004
461	6,877e-005
462	1,1088e-004
463	3,6902e-005
464	1,6058e-004
465	5,6298e-005
466	1,582e-004
467	4,1773e-005
468	5,8655e-005
469	4,3534e-005
470	2,7302e-005
471	3,9144e-005
472	4,2123e-005
473	3,8849e-005
474	9,1971e-005
475	8,7776e-005
476	4,6463e-005
477	4,3661e-005
478	3,9821e-005
479	2,9248e-005
480	1,7786e-005
481	1,0538e-005
482	4,9998e-005
483	3,3286e-005
484	1,6746e-005
485	2,4487e-005
486	2,4062e-005
487	6,8677e-005
488	8,287e-005
489	2,1473e-005
490	4,0367e-005
491	2,3874e-005
492	2,3473e-005
493	7,3583e-005
494	6,5627e-005
495	1,4617e-005
496	2,5408e-005
497	8,3781e-005
498	7,4701e-005
499	2,0286e-005
500	2,3949e-005
501	2,5777e-005
502	3,5308e-005
503	1,665e-005
504	3,0241e-005
505	2,0773e-005
506	1,4778e-005
507	1,3657e-005
508	1,3187e-005
509	1,3279e-005
510	4,2211e-005
511	3,7666e-005
512	1,1487e-005
513	8,0236e-006
514	3,6511e-005
515	2,4786e-005
516	1,8716e-005
517	2,0184e-005
518	3,1274e-005
519	2,8666e-005
520	5,2029e-005
521	4,2542e-005
522	5,2351e-005
523	2,9576e-005
524	6,0932e-005
525	3,977e-005
526	3,9347e-005
527	3,824e-005
528	2,1368e-005
529	7,3374e-005
530	7,2129e-005
531	2,0908e-005
532	2,815e-005
533	4,0812e-005
534	2,3292e-005
535	3,2244e-005
536	3,2742e-005
537	1,5514e-005
538	1,683e-005
539	1,8593e-005
540	2,3578e-005
541	3,7047e-005
542	2,1015e-005
543	3,1154e-005
544	2,5638e-005
545	2,3742e-005
546	2,6982e-005
547	2,837e-005
548	3,5481e-005
549	2,3072e-005
550	1,8718e-005
551	8,028e-005
552	2,0915e-005
553	1,7452e-005
554	1,9258e-005
555	1,7317e-005
556	2,6563e-005
557	1,3349e-005
558	1,3599e-005
559	3,8043e-005
560	2,3972e-005
561	1,0193e-004
562	1,2699e-004
563	1,5191e-004
564	7,8157e-005
565	7,1561e-005
566	6,5615e-005
567	1,5096e-004
568	6,2823e-005
569	6,311e-005
570	8,5814e-005
571	6,8736e-005
572	1,5665e-004
573	3,7461e-005
574	6,618e-005
575	1,5294e-004
576	1,1967e-004
577	5,4043e-005
578	6,3008e-005
579	5,7171e-005
580	3,0374e-005
581	1,8682e-005
582	3,6653e-005
583	3,4824e-005
584	3,6989e-005
585	1,6982e-005
586	1,414e-005
587	2,4774e-005
588	3,3157e-005
589	2,7345e-005
590	2,9829e-005
591	3,419e-005
592	1,9672e-005
593	1,7564e-005
594	2,1015e-005
595	1,692e-005
596	2,6517e-005
597	8,6178e-005
598	2,124e-005
599	1,5885e-005
600	4,6986e-005
601	1,7161e-005
602	2,1565e-005
603	1,9761e-005
604	3,4943e-005
605	4,5689e-005
606	5,2427e-005
607	4,2955e-005
608	4,6434e-005
609	3,8492e-005
610	3,8858e-005
611	4,3383e-005
612	2,9804e-005
613	3,3373e-005
614	3,2758e-005
615	3,9425e-005
616	4,9754e-005
617	3,1228e-005
618	5,4373e-005
619	2,6906e-005
620	3,8661e-005
621	2,0838e-005
622	1,4976e-005
623	3,0081e-005
624	2,7911e-005
625	3,3658e-005
626	3,0122e-005
627	3,1878e-005
628	1,2569e-005
629	2,5147e-005
630	4,9275e-005
631	3,5718e-005
632	1,3478e-005
633	2,7017e-005
634	2,4517e-005
635	1,2686e-005
636	3,2274e-005
637	3,3381e-005
638	4,0087e-005
639	3,8615e-005
640	3,9157e-005
641	3,0779e-005
642	3,4264e-005
643	4,1843e-005
644	4,2751e-005
645	3,5275e-005
646	4,5002e-005
647	7,6805e-006
648	1,6419e-005
649	2,2374e-005
650	3,831e-005
651	5,0857e-005
652	6,4711e-005
653	2,8741e-005
654	4,8132e-005
655	3,8695e-005
656	4,6975e-005
657	2,5116e-005
658	1,6606e-005
659	4,3879e-005
660	3,3314e-005
661	3,2516e-005
662	3,9972e-005
663	3,144e-005
664	2,6534e-005
665	1,417e-005
666	4,7485e-005
667	4,2462e-005
668	1,9965e-005
669	1,712e-005
670	2,1239e-005
671	2,3989e-005
672	3,3984e-005
673	1,4758e-005
674	3,9149e-005
675	3,6325e-005
676	2,285e-005
677	4,1596e-005
678	3,0209e-005
679	3,4401e-005
680	1,846e-005
681	3,0408e-005
682	2,5603e-005
683	2,9022e-005
684	4,3105e-005
685	3,3799e-005
686	1,966e-005
687	3,4369e-005
688	3,6903e-005
689	5,9746e-005
690	2,9317e-005
691	2,4725e-005
692	6,9042e-005
693	2,7458e-005
694	1,8395e-005
695	2,1639e-005
696	1,4042e-005
697	2,6783e-005
698	2,3358e-005
699	7,6459e-005
700	1,9233e-005
701	6,107e-005
702	2,7375e-005
703	1,4712e-005
704	2,1039e-005
705	6,6064e-005
706	6,6187e-005
707	5,0287e-005
708	3,2766e-005
709	4,2773e-005
710	4,5069e-005
711	4,0042e-005
712	2,809e-005
713	3,8923e-005
714	3,55e-005
715	2,3871e-005
716	3,8881e-005
717	3,3952e-005
718	3,8071e-005
719	2,5142e-005
720	6,0832e-005
721	4,6035e-005
722	2,521e-005
723	3,8414e-005
724	3,3111e-005
725	3,7829e-005
726	7,1323e-005
727	6,4529e-005
728	4,116e-005
729	1,2531e-005
730	3,4645e-005
731	4,079e-005
732	4,1998e-005
733	3,6718e-005
734	3,1276e-005
735	2,7649e-005
736	2,4773e-005
737	4,5398e-005
738	6,1436e-005
739	3,614e-005
740	7,323e-005
741	4,6158e-005
742	4,0243e-005
743	4,0108e-005
744	4,4612e-005
745	3,5925e-005
746	4,1774e-005
747	4,2175e-005
748	4,189e-005
749	5,7115e-005
750	1,899e-005
751	3,2374e-005
752	8,1111e-005
753	8,0935e-005
754	2,1177e-005
755	2,1569e-005
756	1,6569e-005
757	2,9172e-005
758	3,3322e-005
759	8,4113e-005
760	1,0513e-004
761	5,8393e-005
762	3,8644e-005
763	4,3398e-005
764	6,8632e-005
765	5,5582e-005
766	5,4145e-005
767	3,8764e-005
768	4,162e-005
769	7,3574e-005
770	6,5014e-005
771	5,0066e-005
772	6,4621e-005
773	1,6979e-005
774	4,0225e-005
775	4,4454e-005
776	3,5232e-005
777	2,6191e-005
778	6,1432e-006
779	8,5636e-006
780	4,677e-005
781	2,7599e-005
782	5,0042e-005
783	3,3847e-005
784	3,5143e-005
785	2,9917e-005
786	3,9809e-005
787	8,4484e-005
788	8,064e-005
789	5,2961e-005
790	6,981e-005
791	2,4115e-005
792	7,6083e-005
793	4,0291e-005
794	4,4199e-005
795	3,1186e-005
796	2,2804e-005
797	2,6969e-005
798	1,8981e-005
799	4,6642e-005
800	3,7055e-005
801	1,4411e-005
802	2,3863e-005
803	3,5083e-005
804	7,1706e-005
805	8,2464e-005
806	3,3299e-005
807	3,1827e-005
808	3,0757e-005
809	3,1071e-005
810	2,9599e-005
811	2,7742e-005
812	4,6401e-005
813	2,3083e-005
814	6,5413e-005
815	2,6406e-005
816	2,0184e-005
817	3,9187e-005
818	2,0444e-005
819	2,9635e-005
820	5,8561e-006
821	6,7623e-005
822	3,1182e-005
823	3,7821e-005
824	2,8536e-005
825	5,5573e-005
826	2,2954e-005
827	4,6023e-005
828	3,775e-005
829	2,4565e-005
830	2,2272e-005
831	4,6985e-005
832	3,421e-005
833	3,7121e-005
834	2,6942e-005
835	1,8948e-005
836	1,0757e-005
837	2,393e-005
838	3,2943e-005
839	6,6009e-005
840	4,1218e-005
841	5,5546e-005
842	1,4647e-005
843	3,8098e-005
844	2,9433e-005
845	4,5177e-005
846	3,0714e-005
847	9,3072e-005
848	5,679e-005
849	6,6129e-005
850	7,3112e-005
851	7,4214e-005
852	5,2517e-005
853	5,9734e-005
854	4,5787e-005
855	4,6248e-005
856	4,2763e-005
857	6,6951e-005
858	4,8111e-005
859	7,4888e-005
860	4,4475e-005
861	5,044e-005
862	4,7906e-005
863	4,4879e-005
864	4,2787e-005
865	4,5157e-005
866	4,8985e-005
867	4,761e-005
868	4,8594e-005
869	4,7433e-005
870	6,0679e-005
871	3,8774e-005
872	5,8678e-005
873	5,5011e-005
874	6,8391e-005
875	3,3082e-005
876	5,022e-005
877	5,6594e-005
878	4,4232e-005
879	4,2913e-005
880	1,6946e-004
881	1,1416e-004
882	1,5273e-004
883	1,1852e-004
884	1,0882e-004
885	3,1939e-005
886	3,2229e-005
887	1,8083e-005
888	3,7183e-005
889	3,3834e-005
890	2,9279e-005
891	2,2354e-005
892	2,7508e-005
893	5,003e-005
894	2,5427e-005
895	2,9944e-005
896	2,5945e-005
897	2,5356e-005
898	6,5668e-005
899	3,6277e-005
900	5,0269e-005
901	6,4744e-005
902	4,4898e-005
903	4,1226e-005
904	3,4202e-005
905	2,5143e-005
906	2,2827e-005
907	3,5041e-005
908	3,8413e-005
909	3,2555e-005
910	2,5236e-005
911	4,2462e-005
912	2,5229e-005
913	3,8311e-005
914	3,9661e-005
915	1,7009e-005
916	3,0649e-005
917	2,2693e-005
918	4,2755e-005
919	7,0428e-005
920	1,2931e-005
921	1,4701e-005
922	2,3017e-005
923	2,4063e-005
924	2,0875e-005
925	2,4066e-005
926	2,6697e-005
927	3,762e-005
928	4,0865e-005
929	4,2059e-005
930	3,1842e-005
931	6,4845e-005
932	1,2429e-005
933	4,7499e-006
934	1,0778e-005
935	2,2389e-005
936	3,9185e-005
937	2,4589e-005
938	1,0412e-005
939	2,3841e-005
940	2,6422e-005
941	1,9285e-005
942	1,9707e-005
943	5,499e-005
944	8,3574e-005
945	1,2229e-004
946	1,5731e-005
947	2,407e-005
948	1,723e-005
949	3,7843e-005
950	3,6851e-005
951	2,1687e-005
952	1,8039e-005
953	5,8116e-005
954	4,3986e-005
955	3,7973e-005
956	4,348e-005
957	2,0896e-005
958	1,112e-005
959	1,1376e-004
960	7,6995e-005
961	3,8352e-005
962	4,9596e-005
963	3,5074e-005
964	1,067e-004
965	8,6422e-005
966	1,6071e-005
967	1,0313e-005
968	3,4477e-005
969	2,0966e-005
970	3,7294e-005
971	2,9773e-005
972	3,6484e-005
973	5,2555e-005
974	5,8574e-005
975	2,8647e-005
976	2,1445e-005
977	5,3104e-005
978	3,7957e-005
979	7,3625e-005
980	7,8793e-005
981	1,9665e-005
982	1,3894e-005
983	2,7585e-005
984	3,5002e-005
985	2,946e-005
986	2,182e-005
987	2,8806e-005
988	2,3582e-005
989	5,8187e-006
990	1,1316e-005
991	3,5124e-005
992	3,1846e-005
993	2,346e-005
994	6,0474e-005
995	1,0054e-005
996	1,3568e-005
997	2,8048e-005
998	2,1757e-005
999	2,2761e-005
1000	3,5468e-005
1001	1,4997e-005
1002	1,9864e-005
1003	1,2436e-005
1004	2,5771e-005
1005	3,5773e-005
1006	3,0916e-005
1007	2,9487e-005
1008	1,6438e-005
1009	1,1885e-005
1010	2,5766e-005
1011	4,3228e-005
1012	3,1656e-005
1013	1,7864e-004
1014	1,8195e-005
1015	2,7071e-005
1016	1,8609e-005
1017	3,2323e-005
1018	4,2659e-005
1019	6,6785e-005
1020	3,0795e-005
1021	4,0564e-005
1022	1,8558e-005
1023	1,624e-005
1024	2,0922e-005
1025	3,1627e-005
1026	3,2778e-005
1027	6,7266e-005
1028	3,0275e-005
1029	2,9991e-005
1030	3,386e-005
1031	2,8622e-005
1032	8,1616e-005
1033	5,8924e-005
1034	3,2532e-005
1035	3,9197e-005
1036	7,4113e-005
1037	5,1919e-005
1038	4,7923e-005
1039	2,6511e-005
1040	3,4345e-005
1041	2,7577e-005
1042	2,0249e-005
1043	2,1694e-005
1044	3,112e-005
1045	2,6292e-005
1046	5,3486e-005
1047	6,6652e-005
1048	2,0068e-005
1049	2,6984e-005
1050	3,1136e-005
1051	2,965e-005
1052	2,5909e-005
1053	5,5571e-005
1054	7,206e-005
1055	2,8285e-005
1056	3,5507e-005
1057	4,2797e-005
1058	2,5141e-005
1059	2,704e-005
1060	1,7985e-005
1061	5,9842e-005
1062	3,2543e-005
1063	5,7215e-005
1064	5,3405e-005
1065	4,4135e-005
1066	3,9344e-005
1067	3,4649e-005
1068	3,1809e-005
1069	2,1643e-005
1070	4,8823e-005
1071	7,1129e-005
1072	3,5583e-005
1073	4,3625e-005
1074	1,5561e-004
1075	1,6256e-004
1076	9,3153e-005
1077	6,6139e-005
1078	2,8497e-005
1079	2,4761e-005
1080	2,6079e-005
1081	3,3017e-005
1082	2,0565e-005
1083	2,5307e-005
1084	4,8362e-005
1085	5,2611e-005
1086	5,6176e-005
1087	5,1624e-005
1088	7,0206e-005
1089	5,2064e-005
1090	4,7094e-005
1091	3,4744e-005
1092	4,503e-005
1093	4,812e-005
1094	5,4839e-005
1095	2,7417e-005
1096	5,0274e-005
1097	3,4502e-005
1098	7,3579e-005
1099	2,8724e-005
1100	7,9232e-005
1101	6,4356e-005
1102	5,993e-005
1103	4,5768e-005
1104	2,7961e-005
1105	4,8755e-005
1106	6,3599e-005
1107	6,7375e-005
1108	3,6983e-005
1109	6,2226e-005
1110	6,3742e-005
1111	4,0895e-005
1112	4,8878e-005
1113	7,2724e-005
1114	3,9142e-005
1115	2,5786e-005
