Node Number	X Location (m)	Y Location (m)	Z Location (m)	
1	-0,15001	9,999e-002	0,	
2	-0,15001	-0,10001	0,	
3	-0,15001	5,999e-002	0,	
4	-0,15001	1,999e-002	0,	
5	-0,15001	-2,001e-002	0,	
6	-0,15001	-6,001e-002	0,	
7	-0,15001	-0,10001	1,5e-002	
8	-0,15001	9,999e-002	1,5e-002	
9	-0,15001	5,999e-002	1,5e-002	
10	-0,15001	1,999e-002	1,5e-002	
11	-0,15001	-2,001e-002	1,5e-002	
12	-0,15001	-6,001e-002	1,5e-002	
13	0,14999	-0,10001	0,	
14	-0,10715	-0,10001	0,	
15	-6,4292e-002	-0,10001	0,	
16	-2,1435e-002	-0,10001	0,	
17	2,1422e-002	-0,10001	0,	
18	6,4279e-002	-0,10001	0,	
19	0,10714	-0,10001	0,	
20	0,14999	-0,10001	1,5e-002	
21	-0,10715	-0,10001	1,5e-002	
22	-6,4292e-002	-0,10001	1,5e-002	
23	-2,1435e-002	-0,10001	1,5e-002	
24	2,1422e-002	-0,10001	1,5e-002	
25	6,4279e-002	-0,10001	1,5e-002	
26	0,10714	-0,10001	1,5e-002	
27	0,14999	9,999e-002	0,	
28	0,14999	-6,001e-002	0,	
29	0,14999	-2,001e-002	0,	
30	0,14999	1,999e-002	0,	
31	0,14999	5,999e-002	0,	
32	0,14999	9,999e-002	1,5e-002	
33	0,14999	-6,001e-002	1,5e-002	
34	0,14999	-2,001e-002	1,5e-002	
35	0,14999	1,999e-002	1,5e-002	
36	0,14999	5,999e-002	1,5e-002	
37	0,10714	9,999e-002	0,	
38	6,4279e-002	9,999e-002	0,	
39	2,1422e-002	9,999e-002	0,	
40	-2,1435e-002	9,999e-002	0,	
41	-6,4292e-002	9,999e-002	0,	
42	-0,10715	9,999e-002	0,	
43	0,10714	9,999e-002	1,5e-002	
44	6,4279e-002	9,999e-002	1,5e-002	
45	2,1422e-002	9,999e-002	1,5e-002	
46	-2,1435e-002	9,999e-002	1,5e-002	
47	-6,4292e-002	9,999e-002	1,5e-002	
48	-0,10715	9,999e-002	1,5e-002	
49	4,0189e-002	-3,658e-005	1,5e-002	
50	3,7488e-002	-1,4486e-002	1,5e-002	
51	2,975e-002	-2,6984e-002	1,5e-002	
52	1,8019e-002	-3,5843e-002	1,5e-002	
53	3,8799e-003	-3,9866e-002	1,5e-002	
54	-1,0757e-002	-3,851e-002	1,5e-002	
55	-2,3916e-002	-3,1957e-002	1,5e-002	
56	-3,3819e-002	-2,1094e-002	1,5e-002	
57	-3,913e-002	-7,3866e-003	1,5e-002	
58	-3,913e-002	7,3134e-003	1,5e-002	
59	-3,3819e-002	2,1021e-002	1,5e-002	
60	-2,3916e-002	3,1884e-002	1,5e-002	
61	-1,0757e-002	3,8436e-002	1,5e-002	
62	3,8799e-003	3,9793e-002	1,5e-002	
63	1,8019e-002	3,577e-002	1,5e-002	
64	2,975e-002	2,6911e-002	1,5e-002	
65	3,7488e-002	1,4413e-002	1,5e-002	
66	0,14799	-9,501e-002	1,5e-002	
67	0,14649	-9,2412e-002	1,5e-002	
68	0,14349	-9,2412e-002	1,5e-002	
69	0,14199	-9,501e-002	1,5e-002	
70	0,14349	-9,7608e-002	1,5e-002	
71	0,14649	-9,7608e-002	1,5e-002	
72	4,1892e-003	-5,0037e-002	1,5e-002	
73	2,1892e-003	-4,6572e-002	1,5e-002	
74	-1,8108e-003	-4,6572e-002	1,5e-002	
75	-3,8108e-003	-5,0037e-002	1,5e-002	
76	-1,8108e-003	-5,3501e-002	1,5e-002	
77	2,1892e-003	-5,3501e-002	1,5e-002	
78	-0,14101	9,499e-002	1,5e-002	
79	-0,14301	9,8454e-002	1,5e-002	
80	-0,14701	9,8454e-002	1,5e-002	
81	-0,14901	9,499e-002	1,5e-002	
82	-0,14701	9,1526e-002	1,5e-002	
83	-0,14301	9,1526e-002	1,5e-002	
84	0,14899	9,499e-002	1,5e-002	
85	0,14699	9,8454e-002	1,5e-002	
86	0,14299	9,8454e-002	1,5e-002	
87	0,14099	9,499e-002	1,5e-002	
88	0,14299	9,1526e-002	1,5e-002	
89	0,14699	9,1526e-002	1,5e-002	
90	5,4189e-002	-3,2248e-005	1,5e-002	
91	5,2189e-002	3,4319e-003	1,5e-002	
92	4,8189e-002	3,4319e-003	1,5e-002	
93	4,6189e-002	-3,2248e-005	1,5e-002	
94	4,8189e-002	-3,4963e-003	1,5e-002	
95	5,2189e-002	-3,4963e-003	1,5e-002	
96	-0,14099	-9,5026e-002	1,5e-002	
97	-0,14299	-9,1562e-002	1,5e-002	
98	-0,14699	-9,1562e-002	1,5e-002	
99	-0,14899	-9,5026e-002	1,5e-002	
100	-0,14699	-9,849e-002	1,5e-002	
101	-0,14299	-9,849e-002	1,5e-002	
102	4,1892e-003	4,9963e-002	1,5e-002	
103	2,1892e-003	5,3428e-002	1,5e-002	
104	-1,8108e-003	5,3428e-002	1,5e-002	
105	-3,8108e-003	4,9963e-002	1,5e-002	
106	-1,8108e-003	4,6499e-002	1,5e-002	
107	2,1892e-003	4,6499e-002	1,5e-002	
108	-4,5811e-002	-9,2125e-004	1,5e-002	
109	-4,7811e-002	2,5429e-003	1,5e-002	
110	-5,1811e-002	2,5429e-003	1,5e-002	
111	-5,3811e-002	-9,2125e-004	1,5e-002	
112	-5,1811e-002	-4,3854e-003	1,5e-002	
113	-4,7811e-002	-4,3854e-003	1,5e-002	
114	3,0189e-002	-3,658e-005	0,	
115	1,5189e-002	2,5944e-002	0,	
116	-1,4811e-002	2,5944e-002	0,	
117	-2,9811e-002	-3,658e-005	0,	
118	-1,4811e-002	-2,6017e-002	0,	
119	1,5189e-002	-2,6017e-002	0,	
120	0,14799	-9,501e-002	0,	
121	0,14649	-9,2412e-002	0,	
122	0,14349	-9,2412e-002	0,	
123	0,14199	-9,501e-002	0,	
124	0,14349	-9,7608e-002	0,	
125	0,14649	-9,7608e-002	0,	
126	4,1892e-003	-5,0037e-002	0,	
127	2,1892e-003	-4,6572e-002	0,	
128	-1,8108e-003	-4,6572e-002	0,	
129	-3,8108e-003	-5,0037e-002	0,	
130	-1,8108e-003	-5,3501e-002	0,	
131	2,1892e-003	-5,3501e-002	0,	
132	-0,14101	9,499e-002	0,	
133	-0,14301	9,8454e-002	0,	
134	-0,14701	9,8454e-002	0,	
135	-0,14901	9,499e-002	0,	
136	-0,14701	9,1526e-002	0,	
137	-0,14301	9,1526e-002	0,	
138	0,14899	9,499e-002	0,	
139	0,14699	9,8454e-002	0,	
140	0,14299	9,8454e-002	0,	
141	0,14099	9,499e-002	0,	
142	0,14299	9,1526e-002	0,	
143	0,14699	9,1526e-002	0,	
144	5,4189e-002	-3,2248e-005	0,	
145	5,2189e-002	3,4319e-003	0,	
146	4,8189e-002	3,4319e-003	0,	
147	4,6189e-002	-3,2248e-005	0,	
148	4,8189e-002	-3,4963e-003	0,	
149	5,2189e-002	-3,4963e-003	0,	
150	-0,14099	-9,5026e-002	0,	
151	-0,14299	-9,1562e-002	0,	
152	-0,14699	-9,1562e-002	0,	
153	-0,14899	-9,5026e-002	0,	
154	-0,14699	-9,849e-002	0,	
155	-0,14299	-9,849e-002	0,	
156	4,1892e-003	4,9963e-002	0,	
157	2,1892e-003	5,3428e-002	0,	
158	-1,8108e-003	5,3428e-002	0,	
159	-3,8108e-003	4,9963e-002	0,	
160	-1,8108e-003	4,6499e-002	0,	
161	2,1892e-003	4,6499e-002	0,	
162	-4,5811e-002	-9,2125e-004	0,	
163	-4,7811e-002	2,5429e-003	0,	
164	-5,1811e-002	2,5429e-003	0,	
165	-5,3811e-002	-9,2125e-004	0,	
166	-5,1811e-002	-4,3854e-003	0,	
167	-4,7811e-002	-4,3854e-003	0,	
168	3,0189e-002	-3,658e-005	2,e-002	
169	1,8894e-002	2,3418e-002	2,e-002	
170	-6,4864e-003	2,9211e-002	2,e-002	
171	-2,684e-002	1,298e-002	2,e-002	
172	-2,684e-002	-1,3053e-002	2,e-002	
173	-6,4864e-003	-2,9284e-002	2,e-002	
174	1,8894e-002	-2,3492e-002	2,e-002	
175	4,0189e-002	-3,658e-005	2,e-002	
176	3,7488e-002	1,4413e-002	2,e-002	
177	2,975e-002	2,6911e-002	2,e-002	
178	1,8019e-002	3,577e-002	2,e-002	
179	3,8799e-003	3,9793e-002	2,e-002	
180	-1,0757e-002	3,8436e-002	2,e-002	
181	-2,3916e-002	3,1884e-002	2,e-002	
182	-3,3819e-002	2,1021e-002	2,e-002	
183	-3,913e-002	7,3134e-003	2,e-002	
184	-3,913e-002	-7,3866e-003	2,e-002	
185	-3,3819e-002	-2,1094e-002	2,e-002	
186	-2,3916e-002	-3,1957e-002	2,e-002	
187	-1,0757e-002	-3,851e-002	2,e-002	
188	3,8799e-003	-3,9866e-002	2,e-002	
189	1,8019e-002	-3,5843e-002	2,e-002	
190	2,975e-002	-2,6984e-002	2,e-002	
191	3,7488e-002	-1,4486e-002	2,e-002	
192	-0,15001	7,999e-002	0,	
193	-0,15001	3,999e-002	0,	
194	-0,15001	-9,755e-006	0,	
195	-0,15001	-4,001e-002	0,	
196	-0,15001	-8,001e-002	0,	
197	-0,15001	-0,10001	7,5e-003	
198	-0,15001	7,999e-002	1,5e-002	
199	-0,15001	3,999e-002	1,5e-002	
200	-0,15001	-9,755e-006	1,5e-002	
201	-0,15001	-4,001e-002	1,5e-002	
202	-0,15001	-8,001e-002	1,5e-002	
203	-0,15001	9,999e-002	7,5e-003	
204	-0,12858	-0,10001	0,	
205	-8,5721e-002	-0,10001	0,	
206	-4,2864e-002	-0,10001	0,	
207	-6,4285e-006	-0,10001	0,	
208	4,2851e-002	-0,10001	0,	
209	8,5708e-002	-0,10001	0,	
210	0,12857	-0,10001	0,	
211	0,14999	-0,10001	7,5e-003	
212	-0,12858	-0,10001	1,5e-002	
213	-8,5721e-002	-0,10001	1,5e-002	
214	-4,2864e-002	-0,10001	1,5e-002	
215	-6,4285e-006	-0,10001	1,5e-002	
216	4,2851e-002	-0,10001	1,5e-002	
217	8,5708e-002	-0,10001	1,5e-002	
218	0,12857	-0,10001	1,5e-002	
219	0,14999	-8,001e-002	0,	
220	0,14999	-4,001e-002	0,	
221	0,14999	-9,755e-006	0,	
222	0,14999	3,999e-002	0,	
223	0,14999	7,999e-002	0,	
224	0,14999	9,999e-002	7,5e-003	
225	0,14999	-8,001e-002	1,5e-002	
226	0,14999	-4,001e-002	1,5e-002	
227	0,14999	-9,755e-006	1,5e-002	
228	0,14999	3,999e-002	1,5e-002	
229	0,14999	7,999e-002	1,5e-002	
230	0,12857	9,999e-002	0,	
231	8,5708e-002	9,999e-002	0,	
232	4,2851e-002	9,999e-002	0,	
233	-6,4285e-006	9,999e-002	0,	
234	-4,2864e-002	9,999e-002	0,	
235	-8,5721e-002	9,999e-002	0,	
236	-0,12858	9,999e-002	0,	
237	0,12857	9,999e-002	1,5e-002	
238	8,5708e-002	9,999e-002	1,5e-002	
239	4,2851e-002	9,999e-002	1,5e-002	
240	-6,4285e-006	9,999e-002	1,5e-002	
241	-4,2864e-002	9,999e-002	1,5e-002	
242	-8,5721e-002	9,999e-002	1,5e-002	
243	-0,12858	9,999e-002	1,5e-002	
244	3,9508e-002	-7,3866e-003	1,5e-002	
245	3,4198e-002	-2,1094e-002	1,5e-002	
246	2,4295e-002	-3,1957e-002	1,5e-002	
247	1,1136e-002	-3,851e-002	1,5e-002	
248	-3,5015e-003	-3,9866e-002	1,5e-002	
249	-1,764e-002	-3,5843e-002	1,5e-002	
250	-2,9371e-002	-2,6984e-002	1,5e-002	
251	-3,711e-002	-1,4486e-002	1,5e-002	
252	-3,9811e-002	-3,658e-005	1,5e-002	
253	-3,711e-002	1,4413e-002	1,5e-002	
254	-2,9371e-002	2,6911e-002	1,5e-002	
255	-1,764e-002	3,577e-002	1,5e-002	
256	-3,5015e-003	3,9793e-002	1,5e-002	
257	1,1136e-002	3,8436e-002	1,5e-002	
258	2,4295e-002	3,1884e-002	1,5e-002	
259	3,4198e-002	2,1021e-002	1,5e-002	
260	3,9508e-002	7,3134e-003	1,5e-002	
261	-0,14501	9,899e-002	1,5e-002	
262	-0,14847	9,699e-002	1,5e-002	
263	-0,14847	9,299e-002	1,5e-002	
264	0,14846	9,699e-002	1,5e-002	
265	0,14499	9,899e-002	1,5e-002	
266	0,14846	9,299e-002	1,5e-002	
267	-0,14845	-9,3026e-002	1,5e-002	
268	-0,14845	-9,7026e-002	1,5e-002	
269	-0,14499	-9,9026e-002	1,5e-002	
270	2,617e-002	1,4963e-002	0,	
271	1,8919e-004	2,9963e-002	0,	
272	-2,5792e-002	1,4963e-002	0,	
273	-2,5792e-002	-1,5037e-002	0,	
274	1,8919e-004	-3,0037e-002	0,	
275	2,617e-002	-1,5037e-002	0,	
276	-0,14501	9,899e-002	0,	
277	-0,14847	9,699e-002	0,	
278	-0,14847	9,299e-002	0,	
279	0,14846	9,699e-002	0,	
280	0,14499	9,899e-002	0,	
281	0,14846	9,299e-002	0,	
282	-0,14845	-9,3026e-002	0,	
283	-0,14845	-9,7026e-002	0,	
284	-0,14499	-9,9026e-002	0,	
285	2,7218e-002	1,298e-002	2,e-002	
286	6,8648e-003	2,9211e-002	2,e-002	
287	-1,8516e-002	2,3418e-002	2,e-002	
288	-2,9811e-002	-3,658e-005	2,e-002	
289	-1,8516e-002	-2,3492e-002	2,e-002	
290	6,8648e-003	-2,9284e-002	2,e-002	
291	2,7218e-002	-1,3053e-002	2,e-002	
292	3,9508e-002	7,3134e-003	2,e-002	
293	3,4198e-002	2,1021e-002	2,e-002	
294	2,4295e-002	3,1884e-002	2,e-002	
295	1,1136e-002	3,8436e-002	2,e-002	
296	-3,5015e-003	3,9793e-002	2,e-002	
297	-1,764e-002	3,577e-002	2,e-002	
298	-2,9371e-002	2,6911e-002	2,e-002	
299	-3,711e-002	1,4413e-002	2,e-002	
300	-3,9811e-002	-3,658e-005	2,e-002	
301	-3,711e-002	-1,4486e-002	2,e-002	
302	-2,9371e-002	-2,6984e-002	2,e-002	
303	-1,764e-002	-3,5843e-002	2,e-002	
304	-3,5015e-003	-3,9866e-002	2,e-002	
305	1,1136e-002	-3,851e-002	2,e-002	
306	2,4295e-002	-3,1957e-002	2,e-002	
307	3,4198e-002	-2,1094e-002	2,e-002	
308	3,9508e-002	-7,3866e-003	2,e-002	
309	0,14219	-8,0717e-002	0,	
310	0,13502	-8,5484e-002	0,	
311	1,6154e-002	-4,0706e-002	0,	
312	-1,2193e-002	-4,0059e-002	0,	
313	-1,4642e-002	-5,5771e-002	0,	
314	-1,2246e-003	-7,2657e-002	0,	
315	1,644e-002	-6,2912e-002	0,	
316	-0,14158	8,07e-002	0,	
317	-0,12654	8,0711e-002	0,	
318	0,12844	8,133e-002	0,	
319	0,14183	8,0828e-002	0,	
320	6,4803e-002	7,7254e-003	0,	
321	4,9859e-002	1,8581e-002	0,	
322	4,0029e-002	7,5417e-003	0,	
323	3,626e-002	-1,3268e-002	0,	
324	5,0667e-002	-2,0297e-002	0,	
325	6,3083e-002	-9,1219e-003	0,	
326	-0,13093	-8,7952e-002	0,	
327	-0,1419	-8,0731e-002	0,	
328	1,683e-002	6,2915e-002	0,	
329	1,2647e-003	7,2548e-002	0,	
330	-1,716e-002	6,1432e-002	0,	
331	-1,5305e-002	4,0851e-002	0,	
332	8,7655e-003	3,9302e-002	0,	
333	-3,992e-002	6,7616e-003	0,	
334	-5,226e-002	1,479e-002	0,	
335	-6,2705e-002	8,1684e-003	0,	
336	-6,913e-002	-6,1047e-003	0,	
337	-5,1511e-002	-2,0836e-002	0,	
338	-3,6599e-002	-9,7314e-003	0,	
339	-2,9601e-002	-2,6005e-002	0,	
340	-0,11711	4,3411e-002	0,	
341	-0,12375	-2,447e-002	0,	
342	0,1216	-4,8649e-002	0,	
343	0,1171	1,6569e-002	0,	
344	-7,9068e-002	-7,2084e-002	0,	
345	8,6659e-002	-5,5354e-002	0,	
346	9,2524e-002	7,8044e-002	0,	
347	-9,3118e-002	7,9357e-002	0,	
348	2,1901e-002	4,4136e-002	0,	
349	-0,10972	9,4409e-003	0,	
350	-0,1174	-6,2291e-002	0,	
351	0,11829	5,7784e-002	0,	
352	3,9204e-002	5,6022e-002	0,	
353	8,2574e-002	3,4755e-002	0,	
354	-6,858e-002	3,3995e-002	0,	
355	-8,0526e-002	-3,2377e-002	0,	
356	-3,9613e-002	-5,4793e-002	0,	
357	5,0804e-002	-6,4726e-002	0,	
358	6,2377e-002	5,5622e-002	0,	
359	-5,0874e-002	6,6591e-002	0,	
360	-5,5739e-002	-5,8178e-002	0,	
361	0,14316	-8,3226e-002	1,5e-002	
362	0,13431	-8,8362e-002	1,5e-002	
363	-8,8026e-003	-5,7275e-002	1,5e-002	
364	2,6387e-003	-6,5748e-002	1,5e-002	
365	1,8782e-002	-5,7445e-002	1,5e-002	
366	-0,14137	8,1065e-002	1,5e-002	
367	-0,13094	8,7932e-002	1,5e-002	
368	0,12939	8,0569e-002	1,5e-002	
369	0,14073	7,8526e-002	1,5e-002	
370	6,3009e-002	1,0748e-002	1,5e-002	
371	4,6568e-002	1,3933e-002	1,5e-002	
372	5,0153e-002	-1,5107e-002	1,5e-002	
373	6,502e-002	-5,7667e-003	1,5e-002	
374	-0,12962	-8,34e-002	1,5e-002	
375	-0,14157	-8,0861e-002	1,5e-002	
376	9,1158e-003	5,721e-002	1,5e-002	
377	-2,2603e-003	6,5675e-002	1,5e-002	
378	-1,8447e-002	5,7382e-002	1,5e-002	
379	-4,7579e-002	1,276e-002	1,5e-002	
380	-6,8105e-002	-5,1199e-004	1,5e-002	
381	-6,3481e-002	-1,4989e-002	1,5e-002	
382	-4,5918e-002	-1,512e-002	1,5e-002	
383	4,8513e-002	-3,7878e-002	1,5e-002	
384	-3,5727e-002	-5,5961e-002	1,5e-002	
385	-4,7252e-002	-3,9401e-002	1,5e-002	
386	-5,1035e-002	3,4351e-002	1,5e-002	
387	3,6898e-002	5,0663e-002	1,5e-002	
388	5,0404e-002	3,5687e-002	1,5e-002	
389	-0,11501	6,3206e-002	1,5e-002	
390	-0,11478	1,1659e-002	1,5e-002	
391	-0,10749	-2,583e-002	1,5e-002	
392	0,11388	-6,2852e-002	1,5e-002	
393	0,11735	-1,1061e-002	1,5e-002	
394	0,11236	2,8165e-002	1,5e-002	
395	-9,9606e-002	-7,6632e-002	1,5e-002	
396	0,10377	8,2222e-002	1,5e-002	
397	-7,3979e-002	5,9231e-003	1,5e-002	
398	-0,11823	-6,0623e-002	1,5e-002	
399	0,11968	6,4603e-002	1,5e-002	
400	-8,3366e-002	-5,2967e-002	1,5e-002	
401	8,5584e-002	5,3569e-002	1,5e-002	
402	7,8366e-002	-2,7534e-002	1,5e-002	
403	0,14791	-9,4312e-002	7,5165e-003	
404	0,14199	-9,5087e-002	7,5146e-003	
405	0,14413	-9,2138e-002	8,2517e-003	
406	0,14437	-9,7944e-002	7,768e-003	
407	-0,14332	9,8615e-002	7,8615e-003	
408	-0,1489	9,5922e-002	8,9674e-003	
409	-0,14821	9,259e-002	5,0424e-003	
410	0,14899	9,4934e-002	7,7596e-003	
411	0,14422	9,8915e-002	8,1915e-003	
412	-0,14728	-9,1749e-002	7,8615e-003	
413	-0,14774	-9,7929e-002	8,9674e-003	
414	-0,14451	-9,8997e-002	5,0424e-003	
415	9,1489e-004	-3,6399e-002	1,8425e-002	
416	-4,1794e-002	-7,0519e-003	8,6108e-003	
417	-4,6424e-003	4,0927e-002	6,9971e-003	
418	-3,8646e-002	9,2236e-003	8,3681e-003	
419	-4,9535e-003	-4,1418e-002	8,1517e-003	
420	9,4324e-003	-4,0432e-002	8,238e-003	
421	1,3437e-002	3,3366e-002	8,6228e-003	
422	3,9768e-002	7,4276e-003	7,5e-003	
423	-0,13445	-9,1057e-002	6,3301e-003	
424	-4,1999e-002	-1,9102e-002	7,5529e-003	
425	-2,2369e-002	2,632e-002	7,2284e-003	
426	-1,1917e-002	-3,2941e-002	9,0704e-003	
427	-0,13973	8,6854e-002	8,1303e-003	
428	-0,1349	9,5331e-002	7,5551e-003	
429	3,9804e-002	2,2746e-002	7,5e-003	
430	2,4434e-002	-3,4531e-002	8,4151e-003	
431	3,7391e-002	-2,6282e-002	7,5753e-003	
432	3,5049e-002	-4,6163e-003	8,3333e-003	
433	0,13718	8,8375e-002	7,5004e-003	
434	0,14762	8,5634e-002	7,5066e-003	
435	2,8485e-002	3,4795e-002	8,2498e-003	
436	-0,13942	-9,8926e-002	7,1429e-003	
